

### Read in sequence data for the gene
data = readDiscreteCharacterData("/home/felix/Documents/Seminar/phyloRNN/phyloRNN/ali_tmp/ali0.nex")

# Get some useful variables from the data. We need these later on.
num_taxa <- data.ntaxa()
num_branches <- 2 * num_taxa - 3
taxa <- data.taxa()
num_char <- data.nchar()

moves    = VectorMoves()
monitors = VectorMonitors()


######################
# Substitution Model #
######################

# specify the stationary frequency parameters
pi_prior <- v(1,1,1,1) 
pi ~ dnDirichlet(pi_prior)
moves.append( mvBetaSimplex(pi, weight=2.0) )
moves.append( mvDirichletSimplex(pi, weight=1.0) )


# specify the exchangeability rate parameters
er_prior <- v(1,1,1,1,1,1)
er ~ dnDirichlet(er_prior)
moves.append( mvBetaSimplex(er, weight=3.0) )
moves.append( mvDirichletSimplex(er, weight=1.5) )


# create a deterministic variable for the rate matrix, GTR
Q := fnGTR(er,pi) 


#############################
# Among Site Rate Variation #
#############################


# among site rate variation
sr <- v(0.098039113279732, 0.098039113279732,0.098039113279732,0.0,0.0,0.098039113279732,0.098039113279732,0.5341832640618399,0.19567003495657082,0.3669249912727096,0.098039113279732,0.167944147734173,0.3250829733914482,0.639031859650177,0.098039113279732,0.098039113279732,0.292884259820691,0.098039113279732,0.0,0.167944147734173,0.19567003495657082,0.19567003495657082,0.0,0.098039113279732,0.8258457867195728,0.098039113279732,0.44330669146808716,0.167944147734173,0.6108643020548934,0.167944147734173,0.6931471805599453,0.0,0.167944147734173,0.6108643020548934,0.22696752250060448,0.7174352514213597,0.19567003495657082,0.0,0.4713934868100942,0.0,0.098039113279732,0.19567003495657082,0.5654190182164774,0.40496348506393853,0.0,0.8420953021316528,0.0,0.5455199975066201,0.0,0.2651583725982932,0.167944147734173,0.0,0.19567003495657082,0.43057499019006257,0.0,0.098039113279732,0.5387614698196933,0.098039113279732,0.098039113279732,0.29288425982069105,0.098039113279732,0.22696752250060448,0.5004024235381879,0.19567003495657082,0.098039113279732,0.098039113279732,0.0,0.0,0.098039113279732,0.0,0.5654190182164776,0.098039113279732,0.098039113279732,0.0,0.098039113279732,0.098039113279732,0.33422114621338295,0.0,0.098039113279732,0.0,0.098039113279732,0.0,0.2651583725982932,0.6108643020548934,0.0,0.167944147734173,0.0,0.48872122746587454,0.098039113279732,0.3250829733914482,0.0,0.3669249912727096,0.40496348506393853,0.0,0.0,0.4713934868100942,0.0,0.40496348506393853,0.4713934868100942,0.3250829733914482,0.0,0.4713934868100942,0.2651583725982932,0.098039113279732,0.098039113279732,0.3669249912727096,0.0,0.167944147734173,0.0,0.0,0.098039113279732,0.098039113279732,0.0,0.098039113279732,0.098039113279732,0.375123215745267,0.6225752839491665,0.098039113279732,0.7754451545758172,0.0,0.5269079614313803,0.0,0.6802920001921535,0.167944147734173,0.0,0.0,0.0,0.0,0.3923841400923739,0.167944147734173,0.22696752250060448,0.098039113279732,0.0,0.6843433100932841,0.3237561833380921,0.0,0.167944147734173,0.0,0.19567003495657082,0.375123215745267,0.5939279028482127,0.40496348506393853,0.0,0.098039113279732,0.167944147734173,0.5004024235381879,0.19567003495657082,0.6435661541222999,0.4999531052023728,0.098039113279732,0.19567003495657082,0.0,0.167944147734173,0.098039113279732,0.098039113279732,0.098039113279732,0.098039113279732,0.19567003495657082,0.098039113279732,0.812378724730346,0.098039113279732,0.167944147734173,0.48872122746587454,0.0,0.19567003495657082,0.5004024235381879,0.2651583725982932,0.0,0.2651583725982932,0.22696752250060448,0.8333654410717204,0.098039113279732,0.0,0.2651583725982932,0.0,0.292884259820691,0.0,0.167944147734173,0.167944147734173,0.5269079614313803,0.3250829733914482,0.0,0.098039113279732,0.167944147734173,0.098039113279732,0.5269079614313803,0.0,0.3250829733914482,0.0,0.22696752250060448,0.3237561833380921,0.098039113279732,0.0,0.098039113279732,0.0,0.7771192544270318,0.2651583725982932,0.098039113279732,0.0,0.0,0.0,0.0,0.3250829733914482,0.3250829733914482,0.098039113279732,0.0,0.0,0.098039113279732,0.0,0.0,0.098039113279732,0.0,0.8333654410717204,0.3250829733914482,0.2651583725982932,0.19567003495657082,0.5164471146882723,0.0,0.098039113279732,0.2651583725982932,0.0,0.2651583725982932,0.0,0.5950465705976125,0.6268694575724263,0.0,0.098039113279732,0.6225752839491665,0.167944147734173,0.098039113279732,0.098039113279732,0.0,0.0,0.098039113279732,0.2651583725982932,0.0,0.0,0.098039113279732,0.0,0.0,0.0,0.0,0.5004024235381879,0.167944147734173,0.167944147734173,0.167944147734173,0.098039113279732,0.0,0.098039113279732,0.0,0.0,0.3250829733914482,0.0,0.0,0.098039113279732,0.40496348506393853,0.42099233633666616,0.0,0.33422114621338295,0.6312186103041044,0.4999531052023728,0.098039113279732,0.167944147734173,0.098039113279732,0.5004024235381879,0.0,0.0,0.4209923363366662,0.3250829733914482,0.098039113279732,0.4209923363366662,0.19567003495657082,0.098039113279732,0.40496348506393853,0.7616676555634386,0.0,0.098039113279732,0.098039113279732,0.0,0.4713934868100942,0.2651583725982932,0.098039113279732,0.098039113279732,0.5944664898628698,0.098039113279732,0.3250829733914482,0.098039113279732,0.0,0.098039113279732,0.4209923363366662,0.167944147734173,0.0,0.0,0.0,0.0,0.19567003495657082,0.098039113279732,0.5269079614313803,0.098039113279732,0.19567003495657082,0.0,0.2651583725982932,0.0,0.3250829733914482,0.2651583725982932,0.0,0.0,0.0,0.098039113279732,0.4623797696243157,0.0,0.43966987940134294,0.0,0.167944147734173,0.27876937176858735,0.0,0.0,0.19567003495657082,0.5004024235381879,0.098039113279732,0.3237561833380921,0.0,0.0,0.0,0.3237561833380921,0.2651583725982932,0.167944147734173,0.0,0.0,0.0,0.0,0.32375618333809203,0.0,0.3669249912727096,0.19567003495657082,0.0,0.43966987940134294,0.5269079614313803,0.098039113279732,0.0,0.167944147734173,0.27876937176858735,0.167944147734173,0.0,0.098039113279732,0.2651583725982932,0.3669249912727096,0.167944147734173,0.7474359091744861,0.0,0.0,0.33422114621338295,0.0,0.0,0.5004024235381879,0.0,0.5004024235381879,0.19567003495657082,0.098039113279732,0.098039113279732,0.0,0.5455199975066201,0.46237976962431576,0.22696752250060448,0.27876937176858735,0.2651583725982932,0.098039113279732,0.4305749901900626,0.0,0.2651583725982932,0.167944147734173,0.3250829733914482,0.32375618333809203,0.6589444975265023,0.098039113279732,0.5455199975066201,0.6931471805599453,0.098039113279732,0.2651583725982932,0.098039113279732,0.098039113279732,0.2651583725982932,0.098039113279732,0.22696752250060448,0.3250829733914482,0.7771192544270318,0.0,0.9482671924946918,0.19567003495657082,0.098039113279732,0.2651583725982932,0.0,0.6435661541222999,0.167944147734173,0.0,0.19567003495657082,0.167944147734173,0.098039113279732,0.0,0.167944147734173,1.1085716571473458,1.0833763294441834,0.7063330263511025,0.7181824186072325,1.0541104598603923,0.8147468773673192,0.6607661340468554,0.9035862884612702,0.7604688022513465,1.050586579915545,0.7474359091744861,0.5387614698196933,1.0228972227797168,0.7813874786258646,0.6558175374581615,0.999770028058494,1.2864758069365059,0.4882935030375918,0.5296435025403523,1.2187590034236118,0.0,0.0,0.6931471805599453,0.4209923363366662,0.3250829733914482,0.0,0.098039113279732,0.48872122746587454,0.098039113279732,0.098039113279732,0.098039113279732,0.0,0.19567003495657082,0.098039113279732,0.098039113279732,0.43966987940134294,0.098039113279732,0.098039113279732,0.5296435025403523,0.098039113279732,0.098039113279732,0.2651583725982932,0.3250829733914482,0.0,0.098039113279732,0.3250829733914482,0.3250829733914482,0.0,0.4209923363366662,0.5269079614313803,0.0,0.0,0.5573693897627501,0.0,0.098039113279732,0.6589444975265023,0.5950465705976125,0.0,0.7754854663295665,0.098039113279732,0.22696752250060448,0.22696752250060448,0.098039113279732,0.3619470334357808,0.32375618333809203,0.5859660371031605,0.5654190182164774,0.3250829733914482,0.0,0.5269079614313803,0.098039113279732,0.0,0.33422114621338295,0.098039113279732,0.167944147734173,0.3250829733914482,0.098039113279732,0.0,0.0,0.098039113279732,0.0,0.098039113279732,0.6860403627954867,0.6802920001921535,0.27876937176858735,0.0,0.9227033319629401,0.29288425982069105,0.0,0.19567003495657082,0.0,0.375123215745267,0.3250829733914482,0.098039113279732,0.0,0.27876937176858735,0.2651583725982932,0.0,0.6589444975265022,0.2651583725982932,0.0,0.6931471805599453,0.19567003495657082,0.0,0.0,1.3010154553067612,0.9417771385589591,1.0175237300883484,0.8362629352982455,0.662347737298538,1.0945824704694629,1.0669093222212465,1.2629990018523256,0.9906979855077475,1.074285364427805,1.377256286295672,0.9607425541939593,1.1198768045571066,1.1394695796488508,1.193236578002237,1.1184402194735314,0.6128211642075457,1.0952252085714729,0.9364208859451886,1.1124071718660828,0.7325573389602018,1.0965555324851677,0.9143077943686646,1.2779559973852572,1.298219642084095,1.1521496402397864,1.0907664879538697,1.053919750902252,1.077699982468184,0.639031859650177,0.098039113279732,0.0,0.098039113279732,0.167944147734173,0.6004829082458254,0.3250829733914482,0.40496348506393853,0.2651583725982932,0.098039113279732,0.7335397772613093,0.0,0.6199205640204514,0.42099233633666616,0.19567003495657082,0.167944147734173,0.6931471805599453,0.22696752250060448,0.167944147734173,0.0,0.0,0.0,0.167944147734173,0.2651583725982932,0.098039113279732,0.37512321574526697,0.098039113279732,0.0,0.42011002731477165,0.098039113279732,0.0,0.167944147734173,0.19567003495657082,0.22696752250060448,0.098039113279732,0.098039113279732,0.0,0.37512321574526697,0.098039113279732,0.0,0.098039113279732,0.5269079614313803,0.098039113279732,0.0,0.167944147734173,0.0,0.0,0.0,0.098039113279732,0.0,0.0,0.0,0.0,0.33422114621338295,0.19567003495657082,0.0,0.0,0.167944147734173,0.0,0.0,0.0,0.3669249912727096,0.5939279028482127,0.0,0.3237561833380921,0.3669249912727096,0.098039113279732,0.167944147734173,0.4713934868100942,0.098039113279732,0.4623797696243157,0.0,0.0,0.0,0.098039113279732,0.7063330263511025,0.9979036642324275,0.847006627667739,1.071017930129178,0.7848388534803238,0.5455574312915092,1.2315565141673503,0.923991412954316,0.6400333821671171,0.9503722618125985,1.0048672462469996,0.8054556138208512,0.8300282389569185,0.9698230876884111,0.5560223941668001,0.9607425541939593,1.0228972227797168,0.9987334377334869,1.0516129079897214,1.1328170599612881,1.0303491246947059,1.0432350855340409,0.8181412948490389,0.7548716940916227,0.818141294849039,1.286735825764194,0.809693446583005,0.8926370388469371,0.0,0.5004024235381879,0.22696752250060448,0.33422114621338295,0.0,0.0,0.0,0.4209923363366662,0.5004024235381879,0.0,0.3237561833380921,0.098039113279732,0.167944147734173,0.098039113279732,0.0,0.098039113279732,0.0,0.19567003495657082,0.0,0.098039113279732,0.3669249912727096,0.6199205640204514,0.22696752250060448,0.0,0.167944147734173,0.0,0.27876937176858735,0.27876937176858735,0.3669249912727096,0.22696752250060448,0.0,0.37512321574526697,0.0,0.0,0.19567003495657082,0.4713934868100942,0.0,0.19567003495657082,0.0,0.42099233633666616,0.4713934868100942,0.098039113279732,0.0,0.167944147734173,0.2651583725982932,0.42099233633666616,0.098039113279732,0.098039113279732,0.0,0.098039113279732,0.6225752839491665,0.6730116670092565,0.19567003495657082,0.098039113279732,0.0,0.098039113279732,0.19567003495657082,0.0,0.098039113279732,0.0,0.167944147734173,0.167944147734173,0.19567003495657082,0.27876937176858735,0.0,0.0,0.0,0.0,0.471032578690485,0.098039113279732,0.42011002731477165,0.0,0.098039113279732,0.0,0.3250829733914482,0.0,0.0,0.167944147734173,0.098039113279732,0.098039113279732,0.0,0.098039113279732,0.0,0.098039113279732,0.0,0.6869405054372837,0.5004024235381879,0.797844054326875,0.167944147734173,0.098039113279732,0.0,0.0,0.0,0.098039113279732,0.3250829733914482,0.098039113279732,0.098039113279732,0.0,0.0,0.4713934868100942,0.19567003495657082,0.4209923363366662,0.0,0.0,0.3923841400923739,0.0,0.0,0.40496348506393853,0.0,0.098039113279732,0.375123215745267,0.098039113279732,0.098039113279732,0.0,0.19567003495657082,0.0,0.098039113279732,0.375123215745267,0.098039113279732,0.0,0.0,0.0,0.6108643020548934,0.0,0.0,0.0,0.375123215745267,0.0,0.0,0.0,0.0,0.2651583725982932,0.0,0.0,0.0,0.0,0.0,0.0,0.098039113279732,0.0,0.0,0.0,0.0,0.098039113279732,0.9089597811526386,0.0,0.098039113279732,0.5505734282909343,0.27876937176858735,0.0,0.3923841400923739,0.43966987940134294,0.9433483923290393,0.0,0.0,0.3250829733914482,0.0,0.48872122746587454,0.098039113279732,0.0,0.0,0.0,0.0,0.098039113279732,0.2651583725982932,0.19567003495657082,0.167944147734173,0.0,0.0,0.0,0.2651583725982932,0.3923841400923739,0.0,0.19567003495657082,0.3669249912727096,0.0,0.098039113279732,0.098039113279732,0.098039113279732,0.27876937176858735,0.098039113279732,0.167944147734173,0.22696752250060448,0.22696752250060448,0.0,0.2651583725982932,0.2651583725982932,0.0,0.0,0.0,0.0,0.375123215745267,0.27876937176858735,0.0,0.098039113279732,0.098039113279732,0.6931471805599453,0.7991758792140387,0.42099233633666616,0.098039113279732,0.2651583725982932,0.6108643020548934,0.0,0.0,0.0,0.0,0.167944147734173,0.0,0.0,0.19567003495657082,0.2651583725982932,0.098039113279732,0.0,0.098039113279732,0.8783130902136367,0.098039113279732,0.0,0.098039113279732,0.167944147734173,0.167944147734173,0.167944147734173,0.27876937176858735,0.098039113279732,0.0,0.2651583725982932,0.19567003495657082,0.22696752250060448,0.0,0.37512321574526697,0.639031859650177,0.5269079614313803,0.098039113279732,0.098039113279732,0.0,0.098039113279732,0.098039113279732,0.0,0.6931471805599453,0.098039113279732,0.098039113279732,0.7889915517061048,0.098039113279732,0.098039113279732,0.0,0.40496348506393853,0.3669249912727096,0.9870204931605671,0.0,0.0,0.4209923363366662,0.0,0.0,0.847006627667739,0.3237561833380921,0.0,0.098039113279732,0.3250829733914482,0.4713934868100942,0.098039113279732,0.098039113279732,0.0,0.0,0.0,0.0,0.0,0.0,0.6607661340468554,0.098039113279732,0.3250829733914482,0.19567003495657082,0.0,0.7813874786258646,1.065244062532495,1.0949797342037142,0.8617799185372609,1.0624605199967294,1.1331923038866485,0.375123215745267,1.1348773640725702,1.2745659327826013,1.3332910067430093,0.9108192416758512,1.2187590034236118,0.8826416626623252,0.650498345042408,1.1198768045571066,0.8926370388469371,0.6128211642075457,1.3415522724522153,1.1880639975967013,1.2466369841052547,1.0050442354363522,0.9137484295071049,0.6060252027357298,0.7285302362500639,1.300769734691651,1.0628397427877583,0.2651583725982932,0.098039113279732,0.44330669146808716,0.2651583725982932,0.098039113279732,0.3250829733914482,0.0,0.098039113279732,0.3250829733914482,0.0,0.167944147734173,0.0,0.0,0.27876937176858735,0.3250829733914482,0.4713934868100942,0.0,0.6312186103041044,0.098039113279732,0.0,0.098039113279732,0.167944147734173,0.098039113279732,0.0,0.098039113279732,0.0,0.2651583725982932,0.27876937176858735,0.098039113279732,0.098039113279732,0.0,0.167944147734173,0.098039113279732,0.5730569171314204,0.22696752250060448,0.0,0.098039113279732,0.4713934868100942,0.0,0.7242312128931756,0.29288425982069105,0.167944147734173,0.167944147734173,0.167944147734173,0.098039113279732,0.6108643020548934,0.27876937176858735,0.0,0.167944147734173,0.46237976962431576,0.2651583725982932,0.0,0.167944147734173,0.0,0.0,0.0,0.36194703343578083,0.098039113279732,0.098039113279732,0.0,0.098039113279732,0.0,0.3237561833380921,0.19567003495657082,0.098039113279732,0.167944147734173)
            

##############
# Tree model #
##############

# Prior distribution on the tree topology
topology ~ dnUniformTopology(taxa)
moves.append( mvNNI(topology, weight=num_taxa/2.0) )
moves.append( mvSPR(topology, weight=num_taxa/10.0) )

# Branch length prior
for (i in 1:num_branches) {
    bl[i] ~ dnExponential(16.0)
    moves.append( mvScale(bl[i]) )
}

TL := sum(bl)

psi := treeAssembly(topology, bl)




###################
# PhyloCTMC Model #
###################


###############################################
# Create partitions
###############################################
idx = 1

for (i in 1:int(num_char)) {
    morpho_bystate[i] <- data                              
    morpho_bystate[i].excludeAll()                
    morpho_bystate[i].includeCharacter(i)                            

    ######################
    # Substitution Model #
    ######################    

    m_morph[idx] ~ dnPhyloCTMC( tree=psi,
                                Q=Q,
                                nSites=1,
                                siteRates=v(sr[idx]),
                                type="DNA")           

    m_morph[idx].clamp(morpho_bystate[i])                 

    idx = idx + 1                                       
    # idx
}
        


############
# Analysis #
############

mymodel = model(psi)

# add monitors
monitors.append( mnScreen(TL, printgen=100) )
monitors.append( mnFile(psi, filename="/home/felix/Documents/Seminar/phyloRNN/phyloRNN/ali_tmp/ali0_SH_DL.trees", printgen=10) )
monitors.append( mnModel(filename="/home/felix/Documents/Seminar/phyloRNN/phyloRNN/ali_tmp/ali0_SH_DL.log", printgen=10) )

# run the analysis
mymcmc = mcmc(mymodel, moves, monitors)
mymcmc.run(generations=10000)


# summarize output
treetrace = readTreeTrace("/home/felix/Documents/Seminar/phyloRNN/phyloRNN/ali_tmp/ali0_SH_DL.trees", treetype="non-clock")
# and then get the MAP tree
map_tree = mapTree(treetrace,"/home/felix/Documents/Seminar/phyloRNN/phyloRNN/ali_tmp/ali0_SH_DL_MAP.tre", ccp=TRUE)
mcc_tree = mccTree(treetrace,"/home/felix/Documents/Seminar/phyloRNN/phyloRNN/ali_tmp/ali0_SH_DL_MCC.tre")
mcr_tree = consensusTree(trace=treetrace, cutoff=0, file="/home/felix/Documents/Seminar/phyloRNN/phyloRNN/ali_tmp/ali0_SH_DL_CT.tre")
q()

    