

### Read in sequence data for the gene
data = readDiscreteCharacterData("/home/felix/Documents/Seminar/phyloRNN/phyloRNN/ali_tmp/ali0.nex")

# Get some useful variables from the data. We need these later on.
num_taxa <- data.ntaxa()
num_branches <- 2 * num_taxa - 3
taxa <- data.taxa()
num_char <- data.nchar()

moves    = VectorMoves()
monitors = VectorMonitors()


######################
# Substitution Model #
######################

# specify the stationary frequency parameters
pi_prior <- v(1,1,1,1) 
pi ~ dnDirichlet(pi_prior)
moves.append( mvBetaSimplex(pi, weight=2.0) )
moves.append( mvDirichletSimplex(pi, weight=1.0) )


# specify the exchangeability rate parameters
er_prior <- v(1,1,1,1,1,1)
er ~ dnDirichlet(er_prior)
moves.append( mvBetaSimplex(er, weight=3.0) )
moves.append( mvDirichletSimplex(er, weight=1.5) )


# create a deterministic variable for the rate matrix, GTR
Q := fnGTR(er,pi) 


#############################
# Among Site Rate Variation #
#############################


# among site rate variation
sr <- v(0.3610568332468666, 0.3610568332468666,0.3610568332468666,0.0,0.0,0.3610568332468666,0.3610568332468666,1.9672813354128478,0.7206103851750001,1.3513053204597572,0.3610568332468666,0.6185019439152784,1.1972102254769856,2.353416018062334,0.3610568332468666,0.3610568332468666,1.0786293329376004,0.3610568332468666,0.0,0.6185019439152784,0.7206103851750001,0.7206103851750001,0.0,0.3610568332468666,3.0414112748292212,0.3610568332468666,1.6326025891515572,0.6185019439152784,2.249681000420612,0.6185019439152784,2.5527110314930423,0.0,0.6185019439152784,2.249681000420612,0.835872257331979,2.6421587392245103,0.7206103851750001,0.0,1.7360401768957783,0.0,0.3610568332468666,0.7206103851750001,2.0823158568591227,1.491392859507104,0.0,3.1012547228186134,0.0,2.009032070808191,0.0,0.9765208916778789,0.6185019439152784,0.0,0.7206103851750001,1.5857144891728014,0.0,0.3610568332468666,1.9841418762478784,0.3610568332468666,0.3610568332468666,1.0786293329376007,0.3610568332468666,0.835872257331979,1.8428738117637256,0.7206103851750001,0.3610568332468666,0.3610568332468666,0.0,0.0,0.3610568332468666,0.0,2.082315856859123,0.3610568332468666,0.3610568332468666,0.0,0.3610568332468666,0.3610568332468666,1.2308641379857235,0.0,0.3610568332468666,0.0,0.3610568332468666,0.0,0.9765208916778789,2.249681000420612,0.0,0.6185019439152784,0.0,1.799854495071506,0.3610568332468666,1.1972102254769856,0.0,1.3513053204597572,1.491392859507104,0.0,0.0,1.7360401768957783,0.0,1.491392859507104,1.7360401768957783,1.1972102254769856,0.0,1.7360401768957783,0.9765208916778789,0.3610568332468666,0.3610568332468666,1.3513053204597572,0.0,0.6185019439152784,0.0,0.0,0.3610568332468666,0.3610568332468666,0.0,0.3610568332468666,0.3610568332468666,1.3814976066533582,2.292810011847848,0.3610568332468666,2.855796656064338,0.0,1.9404879705935294,0.0,2.505368184754222,0.6185019439152784,0.0,0.0,0.0,0.0,1.4450658548269018,0.6185019439152784,0.835872257331979,0.3610568332468666,0.0,2.5202882821976806,1.1923239448995455,0.0,0.6185019439152784,0.0,0.7206103851750001,1.3814976066533582,2.1873079080944797,1.491392859507104,0.0,0.3610568332468666,0.6185019439152784,1.8428738117637256,0.7206103851750001,2.3701148431367947,1.8412190695896888,0.3610568332468666,0.7206103851750001,0.0,0.6185019439152784,0.3610568332468666,0.3610568332468666,0.3610568332468666,0.3610568332468666,0.7206103851750001,0.3610568332468666,2.9918150005229065,0.3610568332468666,0.6185019439152784,1.799854495071506,0.0,0.7206103851750001,1.8428738117637256,0.9765208916778789,0.0,0.9765208916778789,0.835872257331979,3.0691045341485985,0.3610568332468666,0.0,0.9765208916778789,0.0,1.0786293329376004,0.0,0.6185019439152784,0.6185019439152784,1.9404879705935294,1.1972102254769856,0.0,0.3610568332468666,0.6185019439152784,0.3610568332468666,1.9404879705935294,0.0,1.1972102254769856,0.0,0.835872257331979,1.1923239448995455,0.3610568332468666,0.0,0.3610568332468666,0.0,2.8619620034506816,0.9765208916778789,0.3610568332468666,0.0,0.0,0.0,0.0,1.1972102254769856,1.1972102254769856,0.3610568332468666,0.0,0.0,0.3610568332468666,0.0,0.0,0.3610568332468666,0.0,3.0691045341485985,1.1972102254769856,0.9765208916778789,0.7206103851750001,1.9019629363312276,0.0,0.3610568332468666,0.9765208916778789,0.0,0.9765208916778789,0.0,2.1914277192753624,2.308624523811074,0.0,0.3610568332468666,2.292810011847848,0.6185019439152784,0.3610568332468666,0.3610568332468666,0.0,0.0,0.3610568332468666,0.9765208916778789,0.0,0.0,0.3610568332468666,0.0,0.0,0.0,0.0,1.8428738117637256,0.6185019439152784,0.6185019439152784,0.6185019439152784,0.3610568332468666,0.0,0.3610568332468666,0.0,0.0,1.1972102254769856,0.0,0.0,0.3610568332468666,1.491392859507104,1.5504236492349062,0.0,1.2308641379857235,2.3246415119301544,1.8412190695896888,0.3610568332468666,0.6185019439152784,0.3610568332468666,1.8428738117637256,0.0,0.0,1.5504236492349064,1.1972102254769856,0.3610568332468666,1.5504236492349064,0.7206103851750001,0.3610568332468666,1.491392859507104,2.805057109397104,0.0,0.3610568332468666,0.3610568332468666,0.0,1.7360401768957783,0.9765208916778789,0.3610568332468666,0.3610568332468666,2.189291407490125,0.3610568332468666,1.1972102254769856,0.3610568332468666,0.0,0.3610568332468666,1.5504236492349064,0.6185019439152784,0.0,0.0,0.0,0.0,0.7206103851750001,0.3610568332468666,1.9404879705935294,0.3610568332468666,0.7206103851750001,0.0,0.9765208916778789,0.0,1.1972102254769856,0.9765208916778789,0.0,0.0,0.0,0.3610568332468666,1.7028446075560784,0.0,1.6192089975124118,0.0,0.6185019439152784,1.0266472554662802,0.0,0.0,0.7206103851750001,1.8428738117637256,0.3610568332468666,1.1923239448995455,0.0,0.0,0.0,1.1923239448995455,0.9765208916778789,0.6185019439152784,0.0,0.0,0.0,0.0,1.1923239448995453,0.0,1.3513053204597572,0.7206103851750001,0.0,1.6192089975124118,1.9404879705935294,0.3610568332468666,0.0,0.6185019439152784,1.0266472554662802,0.6185019439152784,0.0,0.3610568332468666,0.9765208916778789,1.3513053204597572,0.6185019439152784,2.7526446679656287,0.0,0.0,1.2308641379857235,0.0,0.0,1.8428738117637256,0.0,1.8428738117637256,0.7206103851750001,0.3610568332468666,0.3610568332468666,0.0,2.009032070808191,1.7028446075560786,0.835872257331979,1.0266472554662802,0.9765208916778789,0.3610568332468666,1.5857144891728017,0.0,0.9765208916778789,0.6185019439152784,1.1972102254769856,1.1923239448995453,2.4267499531898764,0.3610568332468666,2.009032070808191,2.5527110314930423,0.3610568332468666,0.9765208916778789,0.3610568332468666,0.3610568332468666,0.9765208916778789,0.3610568332468666,0.835872257331979,1.1972102254769856,2.8619620034506816,0.0,3.492262813690824,0.7206103851750001,0.3610568332468666,0.9765208916778789,0.0,2.3701148431367947,0.6185019439152784,0.0,0.7206103851750001,0.6185019439152784,0.3610568332468666,0.0,0.6185019439152784,4.082629458457154,3.9898405201569385,2.6012716474122497,2.6449103942427223,3.8820606571956127,3.0005363940886673,2.433458646193748,3.3277127154980297,2.8006419921453145,3.869082970116799,2.7526446679656287,1.9841418762478784,3.7671090612588287,2.8776809493006006,2.415234036101325,3.6819366090753527,4.737811934058242,1.798279278584822,1.950562376378942,4.488425604296114,0.0,0.0,2.5527110314930423,1.5504236492349064,1.1972102254769856,0.0,0.3610568332468666,1.799854495071506,0.3610568332468666,0.3610568332468666,0.3610568332468666,0.0,0.7206103851750001,0.3610568332468666,0.3610568332468666,1.6192089975124118,0.3610568332468666,0.3610568332468666,1.950562376378942,0.3610568332468666,0.3610568332468666,0.9765208916778789,1.1972102254769856,0.0,0.3610568332468666,1.1972102254769856,1.1972102254769856,0.0,1.5504236492349064,1.9404879705935294,0.0,0.0,2.0526708176386634,0.0,0.3610568332468666,2.4267499531898764,2.1914277192753624,0.0,2.855945115527755,0.3610568332468666,0.835872257331979,0.835872257331979,0.3610568332468666,1.3329725792454452,1.1923239448995453,2.1579860799334782,2.0823158568591227,1.1972102254769856,0.0,1.9404879705935294,0.3610568332468666,0.0,1.2308641379857235,0.3610568332468666,0.6185019439152784,1.1972102254769856,0.3610568332468666,0.0,0.0,0.3610568332468666,0.0,0.3610568332468666,2.5265381599659755,2.505368184754222,1.0266472554662802,0.0,3.3981166487533345,1.0786293329376007,0.0,0.7206103851750001,0.0,1.3814976066533582,1.1972102254769856,0.3610568332468666,0.0,1.0266472554662802,0.9765208916778789,0.0,2.426749953189876,0.9765208916778789,0.0,2.5527110314930423,0.7206103851750001,0.0,0.0,4.791358311840227,3.46836134984393,3.747319650790734,3.0797753782105524,2.439283348625278,4.031110311938518,3.929196096905142,4.65135194258257,3.648526240041236,3.956360463777744,5.072136789736319,3.5382068704867553,4.124263869322445,4.196419819049968,4.394432035901346,4.118973237414287,2.256887700158107,4.03347737724496,3.448635430849944,4.096754828953596,2.697850114393088,4.038376672265109,3.3671977010416687,4.706435319628211,4.781061936906221,4.243117737556011,4.017056874318429,3.8813583173825066,3.968935762912582,2.353416018062334,0.3610568332468666,0.0,0.3610568332468666,0.6185019439152784,2.2114485741164707,1.1972102254769856,1.491392859507104,0.9765208916778789,0.3610568332468666,2.7014682220033253,0.0,2.28303325297525,1.5504236492349062,0.7206103851750001,0.6185019439152784,2.5527110314930423,0.835872257331979,0.6185019439152784,0.0,0.0,0.0,0.6185019439152784,0.9765208916778789,0.3610568332468666,1.3814976066533582,0.3610568332468666,0.0,1.5471742960866233,0.3610568332468666,0.0,0.6185019439152784,0.7206103851750001,0.835872257331979,0.3610568332468666,0.3610568332468666,0.0,1.3814976066533582,0.3610568332468666,0.0,0.3610568332468666,1.9404879705935294,0.3610568332468666,0.0,0.6185019439152784,0.0,0.0,0.0,0.3610568332468666,0.0,0.0,0.0,0.0,1.2308641379857235,0.7206103851750001,0.0,0.0,0.6185019439152784,0.0,0.0,0.0,1.3513053204597572,2.1873079080944797,0.0,1.1923239448995455,1.3513053204597572,0.3610568332468666,0.6185019439152784,1.7360401768957783,0.3610568332468666,1.7028446075560784,0.0,0.0,0.0,0.3610568332468666,2.6012716474122497,3.6750631950859445,3.119342071691753,3.9443272105052634,2.8903916158255347,2.0091699313352436,4.5355560662923695,3.4028603722342345,2.3571044087086275,3.5000153283379105,3.7007085603501366,2.9663186815785796,3.0568143411106714,3.5716485098286386,2.0477101244214215,3.5382068704867553,3.7671090612588287,3.6781190712825174,3.8728627142611303,4.171920029005453,3.7945528030174396,3.8420090075703963,3.013037298938455,2.780029054309739,3.0130372989384555,4.7387695271184915,2.9819257023455594,3.287388999177782,0.0,1.8428738117637256,0.835872257331979,1.2308641379857235,0.0,0.0,0.0,1.5504236492349064,1.8428738117637256,0.0,1.1923239448995455,0.3610568332468666,0.6185019439152784,0.3610568332468666,0.0,0.3610568332468666,0.0,0.7206103851750001,0.0,0.3610568332468666,1.3513053204597572,2.28303325297525,0.835872257331979,0.0,0.6185019439152784,0.0,1.0266472554662802,1.0266472554662802,1.3513053204597572,0.835872257331979,0.0,1.3814976066533582,0.0,0.0,0.7206103851750001,1.7360401768957783,0.0,0.7206103851750001,0.0,1.5504236492349062,1.7360401768957783,0.3610568332468666,0.0,0.6185019439152784,0.9765208916778789,1.5504236492349062,0.3610568332468666,0.3610568332468666,0.0,0.3610568332468666,2.292810011847848,2.4785562934991603,0.7206103851750001,0.3610568332468666,0.0,0.3610568332468666,0.7206103851750001,0.0,0.3610568332468666,0.0,0.6185019439152784,0.6185019439152784,0.7206103851750001,1.0266472554662802,0.0,0.0,0.0,0.0,1.734711030411279,0.3610568332468666,1.5471742960866233,0.0,0.3610568332468666,0.0,1.1972102254769856,0.0,0.0,0.6185019439152784,0.3610568332468666,0.3610568332468666,0.0,0.3610568332468666,0.0,0.3610568332468666,0.0,2.5298531904762,1.8428738117637256,2.938286955515087,0.6185019439152784,0.3610568332468666,0.0,0.0,0.0,0.3610568332468666,1.1972102254769856,0.3610568332468666,0.3610568332468666,0.0,0.0,1.7360401768957783,0.7206103851750001,1.5504236492349064,0.0,0.0,1.4450658548269018,0.0,0.0,1.491392859507104,0.0,0.3610568332468666,1.3814976066533582,0.3610568332468666,0.3610568332468666,0.0,0.7206103851750001,0.0,0.3610568332468666,1.3814976066533582,0.3610568332468666,0.0,0.0,0.0,2.249681000420612,0.0,0.0,0.0,1.3814976066533582,0.0,0.0,0.0,0.0,0.9765208916778789,0.0,0.0,0.0,0.0,0.0,0.0,0.3610568332468666,0.0,0.0,0.0,0.0,0.3610568332468666,3.3475021259661246,0.0,0.3610568332468666,2.0276427625512987,1.0266472554662802,0.0,1.4450658548269018,1.6192089975124118,3.4741479373749056,0.0,0.0,1.1972102254769856,0.0,1.799854495071506,0.3610568332468666,0.0,0.0,0.0,0.0,0.3610568332468666,0.9765208916778789,0.7206103851750001,0.6185019439152784,0.0,0.0,0.0,0.9765208916778789,1.4450658548269018,0.0,0.7206103851750001,1.3513053204597572,0.0,0.3610568332468666,0.3610568332468666,0.3610568332468666,1.0266472554662802,0.3610568332468666,0.6185019439152784,0.835872257331979,0.835872257331979,0.0,0.9765208916778789,0.9765208916778789,0.0,0.0,0.0,0.0,1.3814976066533582,1.0266472554662802,0.0,0.3610568332468666,0.3610568332468666,2.5527110314930423,2.9431917782956303,1.5504236492349062,0.3610568332468666,0.9765208916778789,2.249681000420612,0.0,0.0,0.0,0.0,0.6185019439152784,0.0,0.0,0.7206103851750001,0.9765208916778789,0.3610568332468666,0.0,0.3610568332468666,3.2346369968379216,0.3610568332468666,0.0,0.3610568332468666,0.6185019439152784,0.6185019439152784,0.6185019439152784,1.0266472554662802,0.3610568332468666,0.0,0.9765208916778789,0.7206103851750001,0.835872257331979,0.0,1.3814976066533582,2.353416018062334,1.9404879705935294,0.3610568332468666,0.3610568332468666,0.0,0.3610568332468666,0.3610568332468666,0.0,2.5527110314930423,0.3610568332468666,0.3610568332468666,2.9056851045227683,0.3610568332468666,0.3610568332468666,0.0,1.491392859507104,1.3513053204597572,3.6349828317346553,0.0,0.0,1.5504236492349064,0.0,0.0,3.119342071691753,1.1923239448995455,0.0,0.3610568332468666,1.1972102254769856,1.7360401768957783,0.3610568332468666,0.3610568332468666,0.0,0.0,0.0,0.0,0.0,0.0,2.433458646193748,0.3610568332468666,1.1972102254769856,0.7206103851750001,0.0,2.8776809493006006,3.9230633059236615,4.032573348282424,3.1737489042256732,3.912812121273471,4.173301971159491,1.3814976066533582,4.179507683086152,4.693950445489817,4.910222181606348,3.3543501165853695,4.488425604296114,3.250578192229437,2.3956446017948054,4.124263869322445,3.287388999177782,2.256887700158107,4.940646635028996,4.375382541893697,4.591094172844992,3.701360373224497,3.3651376813333296,2.2318596450707417,2.683019166794311,4.790453376001996,3.9142087167285244,0.9765208916778789,0.3610568332468666,1.6326025891515572,0.9765208916778789,0.3610568332468666,1.1972102254769856,0.0,0.3610568332468666,1.1972102254769856,0.0,0.6185019439152784,0.0,0.0,1.0266472554662802,1.1972102254769856,1.7360401768957783,0.0,2.3246415119301544,0.3610568332468666,0.0,0.3610568332468666,0.6185019439152784,0.3610568332468666,0.0,0.3610568332468666,0.0,0.9765208916778789,1.0266472554662802,0.3610568332468666,0.3610568332468666,0.0,0.6185019439152784,0.3610568332468666,2.1104445853087617,0.835872257331979,0.0,0.3610568332468666,1.7360401768957783,0.0,2.667186794311876,1.0786293329376007,0.6185019439152784,0.6185019439152784,0.6185019439152784,0.3610568332468666,2.249681000420612,1.0266472554662802,0.0,0.6185019439152784,1.7028446075560786,0.9765208916778789,0.0,0.6185019439152784,0.0,0.0,0.0,1.3329725792454454,0.3610568332468666,0.3610568332468666,0.0,0.3610568332468666,0.0,1.1923239448995455,0.7206103851750001,0.3610568332468666,0.6185019439152784)
            

##############
# Tree model #
##############

# Prior distribution on the tree topology
topology ~ dnUniformTopology(taxa)
moves.append( mvNNI(topology, weight=num_taxa/2.0) )
moves.append( mvSPR(topology, weight=num_taxa/10.0) )

# Branch length prior
for (i in 1:num_branches) {
    bl[i] ~ dnExponential(16.0)
    moves.append( mvScale(bl[i]) )
}

TL := sum(bl)

psi := treeAssembly(topology, bl)




###################
# PhyloCTMC Model #
###################


###############################################
# Create partitions
###############################################
idx = 1

for (i in 1:int(num_char)) {
    morpho_bystate[i] <- data                              
    morpho_bystate[i].excludeAll()                
    morpho_bystate[i].includeCharacter(i)                            

    ######################
    # Substitution Model #
    ######################    

    m_morph[idx] ~ dnPhyloCTMC( tree=psi,
                                Q=Q,
                                nSites=1,
                                siteRates=v(sr[idx]),
                                type="DNA")           

    m_morph[idx].clamp(morpho_bystate[i])                 

    idx = idx + 1                                       
    # idx
}
        


############
# Analysis #
############

mymodel = model(psi)

# add monitors
monitors.append( mnScreen(TL, printgen=100) )
monitors.append( mnFile(psi, filename="/home/felix/Documents/Seminar/phyloRNN/phyloRNN/ali_tmp/ali0_NSH_DL.trees", printgen=10) )
monitors.append( mnModel(filename="/home/felix/Documents/Seminar/phyloRNN/phyloRNN/ali_tmp/ali0_NSH_DL.log", printgen=10) )

# run the analysis
mymcmc = mcmc(mymodel, moves, monitors)
mymcmc.run(generations=10000)


# summarize output
treetrace = readTreeTrace("/home/felix/Documents/Seminar/phyloRNN/phyloRNN/ali_tmp/ali0_NSH_DL.trees", treetype="non-clock")
# and then get the MAP tree
map_tree = mapTree(treetrace,"/home/felix/Documents/Seminar/phyloRNN/phyloRNN/ali_tmp/ali0_NSH_DL_MAP.tre", ccp=TRUE)
mcc_tree = mccTree(treetrace,"/home/felix/Documents/Seminar/phyloRNN/phyloRNN/ali_tmp/ali0_NSH_DL_MCC.tre")
mcr_tree = consensusTree(trace=treetrace, cutoff=0, file="/home/felix/Documents/Seminar/phyloRNN/phyloRNN/ali_tmp/ali0_NSH_DL_CT.tre")
q()

    