

### Read in sequence data for the gene
data = readDiscreteCharacterData("/home/felix/Documents/Seminar/phyloRNN/phyloRNN/ali_tmp/ali0.nex")

# Get some useful variables from the data. We need these later on.
num_taxa <- data.ntaxa()
num_branches <- 2 * num_taxa - 3
taxa <- data.taxa()
num_char <- data.nchar()

moves    = VectorMoves()
monitors = VectorMonitors()


######################
# Substitution Model #
######################

# specify the stationary frequency parameters
pi_prior <- v(1,1,1,1) 
pi ~ dnDirichlet(pi_prior)
moves.append( mvBetaSimplex(pi, weight=2.0) )
moves.append( mvDirichletSimplex(pi, weight=1.0) )


# specify the exchangeability rate parameters
er_prior <- v(1,1,1,1,1,1)
er ~ dnDirichlet(er_prior)
moves.append( mvBetaSimplex(er, weight=3.0) )
moves.append( mvDirichletSimplex(er, weight=1.5) )


# create a deterministic variable for the rate matrix, GTR
Q := fnGTR(er,pi) 


#############################
# Among Site Rate Variation #
#############################


# among site rate variation
sr <- v(0.5200753, 0.5513917,0.5255835,0.50782555,0.5092272,0.5739626,0.6259267,0.6825895,0.6699167,0.6291289,0.63642037,0.6392834,0.6403006,0.7429506,0.6390687,0.6574925,0.6843113,0.6057562,0.5957806,0.6516284,0.6578942,0.6283679,0.5929508,0.6277955,0.6704441,0.62139416,0.64657336,0.6183259,0.61203355,0.58205503,0.5893401,0.623355,0.5952996,0.59716976,0.5952892,0.61980367,0.5975584,0.5807888,0.58965147,0.590411,0.6101189,0.62188697,0.6457761,0.58725226,0.5845902,0.6274343,0.611438,0.6344914,0.6267331,0.6373878,0.60626245,0.61467206,0.6365395,0.69617534,0.643914,0.66284734,0.748279,0.6163486,0.62119997,0.64981145,0.58120096,0.57728934,0.5980033,0.5955637,0.5793889,0.5831718,0.6111441,0.597695,0.5698251,0.59950024,0.5735965,0.53311336,0.5599151,0.57961416,0.57103616,0.5642883,0.53561956,0.5645584,0.55319,0.5925214,0.57171893,0.5708321,0.55765766,0.5409163,0.5829436,0.55401725,0.581603,0.57635885,0.5534375,0.5345549,0.58220625,0.5454603,0.5150244,0.5445847,0.55588734,0.5229212,0.5716139,0.56200105,0.5324274,0.51167446,0.5636264,0.54652625,0.534628,0.54611784,0.5215492,0.5045252,0.5582369,0.5079895,0.55967313,0.5388198,0.52788645,0.56521046,0.5844028,0.5922343,0.6245437,0.5877267,0.60521847,0.61337924,0.5694621,0.58652854,0.5296254,0.58541775,0.5115722,0.5000584,0.56207824,0.56826305,0.5789062,0.60678834,0.58352435,0.57608026,0.567765,0.5882257,0.59672403,0.58877844,0.55251974,0.6018575,0.5680351,0.6069975,0.5914965,0.58785576,0.57055736,0.57273513,0.6311282,0.5929089,0.59146565,0.6187998,0.62336046,0.60173905,0.57404286,0.58562493,0.58172333,0.63020813,0.57651895,0.59030384,0.5879642,0.6089606,0.62440616,0.5952759,0.6280864,0.58650106,0.6024764,0.6069205,0.570766,0.6459279,0.6021388,0.6023305,0.5595101,0.60767454,0.5743714,0.59327096,0.5847135,0.5528197,0.60661983,0.5379738,0.6017339,0.54379004,0.58235013,0.54071534,0.54740536,0.51240045,0.48569718,0.5572257,0.516132,0.54042244,0.5322316,0.48295173,0.57956046,0.49267867,0.54704714,0.5314315,0.48159754,0.5085775,0.5406296,0.55480635,0.5740175,0.49201432,0.46815914,0.46194544,0.5139932,0.53461397,0.55709785,0.51418257,0.48142838,0.4341379,0.4612303,0.5189295,0.5086262,0.48800582,0.54567546,0.55484027,0.5528315,0.61414975,0.59722006,0.5918445,0.6111362,0.60806084,0.58303726,0.6058193,0.63754004,0.5522761,0.6119199,0.5713686,0.61084086,0.55284935,0.5112887,0.57122415,0.58482254,0.53880924,0.5024364,0.52200496,0.51891714,0.5397921,0.5488817,0.52803683,0.48685408,0.5004221,0.5335734,0.46859908,0.5236579,0.51154345,0.54132444,0.54737896,0.5282905,0.5447932,0.5492714,0.4994682,0.52079326,0.56676793,0.5232736,0.555912,0.56584054,0.49500397,0.5292437,0.58507645,0.5825159,0.56993586,0.56477654,0.6316713,0.61944216,0.60104674,0.52411866,0.5369923,0.5636788,0.57719165,0.5512549,0.6292825,0.63030094,0.6406635,0.62793714,0.6384408,0.6306859,0.60071737,0.6541762,0.66336554,0.65975314,0.5973408,0.58595604,0.6124894,0.62704897,0.58920836,0.5711004,0.59112597,0.62650776,0.617763,0.5715918,0.5527155,0.57888204,0.597591,0.5913873,0.49202242,0.49321368,0.52776676,0.55108994,0.5567713,0.5708655,0.561208,0.5371113,0.5147087,0.5309434,0.4946483,0.6162583,0.52874434,0.61219996,0.5436336,0.49620974,0.5459978,0.565774,0.5771457,0.56618124,0.51673555,0.56276536,0.48533675,0.607925,0.5553445,0.50741243,0.5743591,0.62059563,0.5770403,0.58471274,0.5845856,0.5320679,0.58099174,0.55731374,0.584502,0.5787902,0.5249206,0.5249859,0.5103094,0.53065664,0.573533,0.60305804,0.5440621,0.611321,0.58239305,0.52965283,0.63902056,0.5483585,0.55586964,0.6022331,0.6226829,0.625883,0.5911074,0.58557016,0.64789116,0.63989186,0.6004985,0.60376793,0.64083487,0.583886,0.6521304,0.6727245,0.57962936,0.63626766,0.6412735,0.5997486,0.6695097,0.5923074,0.61295015,0.6523904,0.67487496,0.75103474,0.7044687,0.7036664,0.7410573,0.7287253,0.7232382,0.7531349,0.66323954,0.74896765,0.6776711,0.74577636,0.74591416,0.7324119,0.6825178,0.7874092,0.676407,0.666686,0.73861766,0.7203989,0.7744962,0.7691295,0.6879955,0.7355402,0.74439186,0.7555976,0.6661204,0.77286994,0.6866447,0.7262868,0.7002113,0.708136,0.7669038,0.6838421,0.6820095,0.7266751,0.7437135,0.7536435,0.7583811,0.7195315,1.2763698,3.7999678,4.033881,4.1000094,4.104212,3.9228601,3.9606075,4.145937,4.204969,4.0989223,4.0053697,4.022562,4.0710206,3.992547,4.029763,4.0691695,4.035195,3.8136117,3.7224371,4.2446446,3.8461118,0.55569786,0.53050345,0.6636239,0.62414247,0.5760345,0.64767337,0.6353552,0.5559455,0.5583977,0.6085408,0.588465,0.68998283,0.61078805,0.63026553,0.6332606,0.5457646,0.64402664,0.6677843,0.5463817,0.60336256,0.6265621,0.57008445,0.54148436,0.62606555,0.64442456,0.60608006,0.5526324,0.6931596,0.5711541,0.52522194,0.6024042,0.65733635,0.63811755,0.60951614,0.7288808,0.7145121,0.6848763,0.7040055,0.66054976,0.68929464,0.6190321,0.6478183,0.7145373,0.7169334,0.7317083,0.7423177,0.6877107,0.60761446,0.6291251,0.59593153,0.64063984,0.6670795,0.64302933,0.5916258,0.5703351,0.4953457,0.51609004,0.480985,0.470158,0.49063012,0.55389076,0.6487853,0.6914138,0.6572373,0.6705159,0.7421475,0.7440886,0.7369728,0.7093026,0.67810696,0.72591835,0.7234542,0.64043725,0.63855463,0.63371575,0.6492341,0.63618636,0.6934725,0.83198714,0.633153,0.6394922,0.59033835,0.5951006,0.5472673,0.61070985,6.233158,6.1042895,5.687983,5.617705,5.6706576,5.5582705,5.597219,5.836811,5.941096,5.861005,5.8557796,6.1624255,6.138488,6.182858,6.2046995,6.1504855,5.8700323,5.9443192,5.8908424,5.805184,5.5971155,5.5876946,5.5699267,5.5208464,5.688443,5.5854526,5.7021646,5.7559447,5.7462234,3.6096358,0.4391487,0.40826738,0.5551066,0.68811107,0.72907096,0.72290474,0.70435697,0.7285069,0.7577218,0.72710216,0.75933164,0.77233005,0.74645555,0.71408796,0.68668556,0.6816136,0.6440717,0.53112775,0.48756126,0.47826496,0.4870134,0.48422086,0.4800219,0.5005306,0.48009786,0.48217154,0.51628083,0.5142641,0.46756795,0.5009899,0.49010476,0.4683431,0.46096763,0.45672172,0.4529391,0.46616164,0.41375002,0.37371114,0.37919825,0.365877,0.30716375,0.336225,0.3477877,0.3222725,0.28891546,0.24571438,0.26860487,0.29474396,0.2885474,0.2828126,0.2810706,0.35389546,0.45379528,0.40221593,0.36308828,0.34090456,0.36959273,0.3167374,0.33026612,0.35732555,0.50033736,0.51490813,0.52744526,0.6134732,0.5330614,0.5774164,0.53041965,0.46958667,0.6165116,0.53644097,0.39217088,0.3525442,0.32544717,0.9732892,3.689514,3.79877,3.7123556,3.8887868,4.0033383,4.2688117,3.9169521,4.0644765,4.0850515,4.1230245,4.001796,3.9986398,4.2983694,4.272176,4.332761,4.207882,4.170853,4.252327,4.227132,4.302109,4.346426,4.308042,4.319151,4.28362,4.278976,4.103423,3.9291248,4.1402845,0.22331657,0.57718074,0.5720502,0.5134698,0.5348745,0.5210107,0.5449963,0.52487904,0.5200741,0.5657271,0.48856658,0.5051059,0.47155762,0.43674716,0.49432036,0.4550204,0.49064067,0.47337326,0.47427613,0.47656435,0.48102155,0.49197695,0.5003647,0.47530863,0.45537362,0.4812486,0.4863383,0.4929901,0.4992773,0.46467236,0.4616569,0.46502057,0.47874314,0.49034885,0.45478854,0.4566499,0.44425267,0.4493761,0.4594669,0.5057707,0.485444,0.4780686,0.48230937,0.47982743,0.52029604,0.5565172,0.5036815,0.47689104,0.5105697,0.5485269,0.57295805,0.5281306,0.50346375,0.48126456,0.50097203,0.48384884,0.48838723,0.49436936,0.5009859,0.5069409,0.5158376,0.5173788,0.50927013,0.47529358,0.43830118,0.44610724,0.4398229,0.51350427,0.669237,0.5704648,0.58741,0.44680336,0.44126144,0.42130387,0.38038725,0.41515964,0.4414024,0.38617516,0.39456424,0.39436346,0.43386766,0.42967227,0.4670532,0.5434375,0.63515556,1.1762006,1.1552533,1.2454014,0.8174116,0.49126473,0.41832888,0.3928014,0.38579547,0.40434968,0.38223186,0.42871752,0.41243067,0.41362444,0.42929837,0.45645767,0.518136,0.4361144,0.3914909,0.45114183,0.41968545,0.39824948,0.42305544,0.3899633,0.40058082,0.42278847,0.4057535,0.37408203,0.35523722,0.3702869,0.36493564,0.37946215,0.39797515,0.398662,0.3097548,0.29191333,0.29380715,0.29199845,0.29241747,0.28345305,0.31952468,0.34540594,0.35730448,0.27461657,0.29295647,0.29343635,0.30404213,0.31659463,0.2636305,0.2537721,0.25553083,0.2694522,0.2736584,0.3016287,0.32562032,0.29468414,0.270965,0.2608931,0.303093,0.7097798,0.9845146,0.8108301,0.8198388,0.8398216,0.75075334,0.77343017,0.82185763,0.84997106,0.82017606,0.43277648,0.45281774,0.49790707,0.5110746,0.5814513,0.44999245,0.37440264,0.37381774,0.38843355,0.4461792,0.51461405,0.5336253,0.49178967,0.44868168,0.46770272,0.5250059,0.5330799,0.5897788,0.58134806,0.54960066,0.5467477,0.47591618,0.4815215,0.5145858,0.5647829,0.5950548,0.5596626,0.57070976,0.5594244,0.5260758,0.512424,0.52492046,0.5793829,0.51805663,0.422983,0.47176164,0.48168,0.5540322,0.5544706,0.5269725,0.6265655,0.6154175,0.6730754,0.71054953,0.94329935,0.9082066,0.82729965,0.77777886,0.6580905,0.3766638,0.32875496,0.31735668,0.34652838,0.41714844,0.41463846,0.49848112,0.59625536,0.54238147,0.5209342,0.5621748,0.62063444,0.6007445,0.5770187,0.62535274,0.6259222,0.62124586,0.60628176,0.64105743,0.60417074,0.6524574,0.67999494,0.6145353,0.61892104,0.5828278,0.7294133,0.75881207,0.7895804,0.61616224,0.49512386,0.5309983,0.5598022,0.58481705,0.57954574,0.6395049,0.5558694,0.65217483,0.72239226,0.79216844,0.51599467,0.52046126,0.5145269,0.5324464,0.66983604,0.8734761,0.4574304,0.46082038,0.50225776,0.40894333,0.45680782,0.7844299,0.7112171,0.487474,0.54510397,0.5128338,0.48775834,0.44595534,0.41846174,0.28820375,0.18816565,0.19180848,0.1445663,0.15122294,0.14211331,1.0299422,0.64442354,0.62254304,0.74870294,0.69036436,4.7164264,5.182876,5.287555,5.272667,5.215466,5.28358,5.0044312,4.8321347,4.811854,4.8449078,4.9136915,4.9480543,5.2318063,5.2445154,5.2270613,5.135191,5.0696287,5.077658,4.904417,4.6553473,4.664963,4.5386996,4.537068,4.7647533,4.7885013,4.751217,1.1556932,0.5751388,0.72086066,0.7478206,0.7158425,0.57482237,0.5746319,0.5628019,0.5100459,0.50755095,0.5130818,0.48170295,0.47102407,0.4910042,0.4975491,0.4766203,0.4853079,0.5193559,0.4945969,0.45691487,0.46331435,0.4290045,0.4280329,0.44488102,0.45336145,0.45694417,0.5052281,0.49814388,0.481493,0.46534607,0.4557236,0.48801953,0.4850478,0.46426374,0.5013597,0.49440894,0.5223315,0.5406886,0.57419866,0.8895585,0.91869015,0.801208,0.73753965,0.7224954,0.68144125,0.6729901,0.6660099,0.62443787,0.63684833,0.64737993,0.6016777,0.5545149,0.57316583,0.55373985,0.55490464,0.5575601,0.5847849,0.5558068,0.57245135,0.5855117,0.5876176,0.60012066,0.5901619,0.56563354,0.55800223,0.579249)
            

##############
# Tree model #
##############

# Prior distribution on the tree topology
topology ~ dnUniformTopology(taxa)
moves.append( mvNNI(topology, weight=num_taxa/2.0) )
moves.append( mvSPR(topology, weight=num_taxa/10.0) )

# Branch length prior
for (i in 1:num_branches) {
    bl[i] ~ dnExponential(16.0)
    moves.append( mvScale(bl[i]) )
}

TL := sum(bl)

psi := treeAssembly(topology, bl)




###################
# PhyloCTMC Model #
###################


###############################################
# Create partitions
###############################################
idx = 1

for (i in 1:int(num_char)) {
    morpho_bystate[i] <- data                              
    morpho_bystate[i].excludeAll()                
    morpho_bystate[i].includeCharacter(i)                            

    ######################
    # Substitution Model #
    ######################    

    m_morph[idx] ~ dnPhyloCTMC( tree=psi,
                                Q=Q,
                                nSites=1,
                                siteRates=v(sr[idx]),
                                type="DNA")           

    m_morph[idx].clamp(morpho_bystate[i])                 

    idx = idx + 1                                       
    # idx
}
        


############
# Analysis #
############

mymodel = model(psi)

# add monitors
monitors.append( mnScreen(TL, printgen=100) )
monitors.append( mnFile(psi, filename="/home/felix/Documents/Seminar/phyloRNN/phyloRNN/ali_tmp/ali0_DL.trees", printgen=10) )
monitors.append( mnModel(filename="/home/felix/Documents/Seminar/phyloRNN/phyloRNN/ali_tmp/ali0_DL.log", printgen=10) )

# run the analysis
mymcmc = mcmc(mymodel, moves, monitors)
mymcmc.run(generations=10000)


# summarize output
treetrace = readTreeTrace("/home/felix/Documents/Seminar/phyloRNN/phyloRNN/ali_tmp/ali0_DL.trees", treetype="non-clock")
# and then get the MAP tree
map_tree = mapTree(treetrace,"/home/felix/Documents/Seminar/phyloRNN/phyloRNN/ali_tmp/ali0_DL_MAP.tre", ccp=TRUE)
mcc_tree = mccTree(treetrace,"/home/felix/Documents/Seminar/phyloRNN/phyloRNN/ali_tmp/ali0_DL_MCC.tre")
mcr_tree = consensusTree(trace=treetrace, cutoff=0, file="/home/felix/Documents/Seminar/phyloRNN/phyloRNN/ali_tmp/ali0_DL_CT.tre")
q()

    