(phylornn-env) felix@KETAMINDESKTOP32:~/Documents/Seminar/phyloRNN$ python 3a.run_predictions_revb.py 
2026-07-26 08:15:12.121718: I tensorflow/core/util/util.cc:169] oneDNN custom operations are on. You may see slightly different numerical results due to floating-point round-off errors from different computation orders. To turn them off, set the environment variable `TF_ENABLE_ONEDNN_OPTS=0`.
2026-07-26 08:15:14.389406: I tensorflow/core/platform/cpu_feature_guard.cc:193] This TensorFlow binary is optimized with oneAPI Deep Neural Network Library (oneDNN) to use the following CPU instructions in performance-critical operations:  SSE4.1 SSE4.2 AVX AVX2 AVX512F AVX512_VNNI FMA
To enable them in other operations, rebuild TensorFlow with the appropriate compiler flags.
mean_br_length 0.022327080561566147
simulating tree...done
simulating data...done
extracting features...done
Running predictions...
1/1 [==============================] - 32s 32s/step
log-likelihood of true tree | predicted rates: -11175.67304702137
log-likelihood of true tree | true rates: -11213.835992399563
log-likelihood of true tree | shannon: -11952.566941628515
log-likelihood of true tree | normalized shannon: -10878.283911729677
log-likelihood of true tree | discretized predicted rates: -11196.292601930398
[0.259 0.534 0.74  4.78 ] [1 1 1 1 1 1 1 2 2 1 1 1 1 2 1 2 2 1 1 2 2 1 1 1 2 1 2 1 1 1 1 1 1 1 1 1 1
 1 1 1 1 1 2 1 1 1 1 1 1 1 1 1 1 2 1 2 2 1 1 2 1 1 1 1 1 1 1 1 1 1 1 1 1 1
 1 1 1 1 1 1 1 1 1 1 1 1 1 1 1 1 1 1 1 1 1 1 1 1 1 1 1 1 1 1 1 1 1 1 1 1 1
 1 1 1 1 1 1 1 1 1 1 1 1 1 1 1 1 1 1 1 1 1 1 1 1 1 1 1 1 1 1 1 1 1 1 1 1 1
 1 1 1 1 1 1 1 1 1 1 1 1 1 1 1 2 1 1 1 1 1 1 1 1 1 1 1 1 1 1 1 1 1 1 1 1 1
 1 1 1 1 1 1 1 1 1 1 1 1 1 1 1 1 1 1 1 1 1 1 1 1 1 1 1 1 1 1 1 1 1 1 1 1 1
 1 1 1 1 1 1 1 1 1 1 1 1 1 1 1 1 1 1 1 1 1 1 1 1 1 1 1 1 1 1 1 1 1 1 1 1 1
 1 1 1 1 1 1 1 1 1 1 1 1 1 2 2 2 1 1 1 1 1 1 1 1 1 1 1 1 1 1 1 1 1 1 1 1 1
 1 1 1 1 1 1 1 1 1 1 1 1 1 1 1 1 1 1 1 1 1 1 1 1 1 1 1 1 1 1 1 1 1 1 1 1 1
 1 1 1 1 1 1 1 1 1 1 2 1 1 1 1 1 2 2 1 1 1 1 2 1 1 2 2 2 2 2 2 2 2 2 2 2 2
 2 2 2 2 2 2 2 2 2 2 2 2 2 2 2 2 2 2 2 2 2 2 2 2 2 2 2 2 2 2 3 3 3 3 3 3 3
 3 3 3 3 3 3 3 3 3 3 3 3 3 1 1 2 1 1 2 1 1 1 1 1 2 1 1 1 1 1 2 1 1 1 1 1 1
 1 1 1 2 1 1 1 2 1 1 2 2 2 2 2 2 1 2 2 2 2 2 2 1 1 1 1 2 1 1 1 1 1 1 1 1 1
 2 2 2 2 2 2 2 2 2 2 2 1 1 1 2 1 2 2 1 1 1 1 1 1 3 3 3 3 3 3 3 3 3 3 3 3 3
 3 3 3 3 3 3 3 3 3 3 3 3 3 3 3 3 3 1 1 1 2 2 2 2 2 2 2 2 2 2 2 2 2 1 1 1 1
 1 1 1 1 1 1 1 1 1 1 1 1 1 1 1 1 1 1 1 1 1 1 1 1 0 0 0 0 0 0 0 1 1 1 1 1 1
 1 1 1 1 1 1 1 1 1 1 1 1 1 1 1 1 2 3 3 3 3 3 3 3 3 3 3 3 3 3 3 3 3 3 3 3 3
 3 3 3 3 3 3 3 3 0 1 1 1 1 1 1 1 1 1 1 1 1 1 1 1 1 1 1 1 1 1 1 1 1 1 1 1 1
 1 1 1 1 1 1 1 1 1 1 1 1 1 1 1 1 1 1 1 1 1 1 1 1 1 1 1 1 1 1 1 1 1 1 1 1 1
 1 1 2 1 1 1 1 1 1 1 1 1 1 1 1 1 1 1 1 2 2 2 2 1 1 1 1 1 1 1 1 1 1 1 1 1 1
 1 1 1 1 1 1 1 1 1 1 1 1 1 1 1 1 0 0 0 0 0 1 1 1 0 0 0 1 1 0 0 0 0 0 0 1 0
 0 0 1 2 2 2 2 2 2 2 2 2 2 1 1 1 1 1 1 1 1 1 1 1 1 1 1 1 1 1 1 1 1 1 1 1 1
 1 1 1 1 1 1 1 1 1 1 1 1 1 1 1 1 1 1 2 2 2 2 2 2 2 1 1 1 1 1 1 1 1 1 1 1 1
 1 1 1 1 1 1 1 1 2 2 1 1 1 2 2 2 1 1 1 1 1 1 1 1 2 2 2 1 1 1 1 2 2 1 1 1 1
 1 2 2 1 1 1 1 1 1 0 0 0 0 0 0 2 1 1 2 2 3 3 3 3 3 3 3 3 3 3 3 3 3 3 3 3 3
 3 3 3 3 3 3 3 3 3 2 1 2 2 2 1 1 1 1 1 1 1 1 1 1 1 1 1 1 1 1 1 1 1 1 1 1 1
 1 1 1 1 1 1 1 1 1 1 1 2 2 2 2 2 2 2 2 1 1 2 1 1 1 1 1 1 1 1 1 1 1 1 1 1 1
 1] 5
rate_block [579 580 581 582 583 584 585 637 756 757 758 759 760 764 765 766 769 770
 771 772 773 774 776 777 778 897 898 899 900 901 902] 0
rate_block [  0   1   2   3   4   5   6   9  10  11  12  14  17  18  21  22  23  25
  27  28  29  30  31  32  33  34  35  36  37  38  39  40  41  43  44  45
  46  47  48  49  50  51  52  54  57  58  60  61  62  63  64  65  66  67
  68  69  70  71  72  73  74  75  76  77  78  79  80  81  82  83  84  85
  86  87  88  89  90  91  92  93  94  95  96  97  98  99 100 101 102 103
 104 105 106 107 108 109 110 111 112 113 114 115 116 117 118 119 120 121
 122 123 124 125 126 127 128 129 130 131 132 133 134 135 136 137 138 139
 140 141 142 143 144 145 146 147 148 149 150 151 152 153 154 155 156 157
 158 159 160 161 162 164 165 166 167 168 169 170 171 172 173 174 175 176
 177 178 179 180 181 182 183 184 185 186 187 188 189 190 191 192 193 194
 195 196 197 198 199 200 201 202 203 204 205 206 207 208 209 210 211 212
 213 214 215 216 217 218 219 220 221 222 223 224 225 226 227 228 229 230
 231 232 233 234 235 236 237 238 239 240 241 242 243 244 245 246 247 248
 249 250 251 252 253 254 255 256 257 258 259 260 261 262 263 264 265 266
 267 268 269 270 271 275 276 277 278 279 280 281 282 283 284 285 286 287
 288 289 290 291 292 293 294 295 296 297 298 299 300 301 302 303 304 305
 306 307 308 309 310 311 312 313 314 315 316 317 318 319 320 321 322 323
 324 325 326 327 328 329 330 331 332 333 334 335 336 337 338 339 340 341
 342 344 345 346 347 348 351 352 353 354 356 357 420 421 423 424 426 427
 428 429 430 432 433 434 435 436 438 439 440 441 442 443 444 445 446 448
 449 450 452 453 460 467 468 469 470 472 473 474 475 476 477 478 479 480
 492 493 494 496 499 500 501 502 503 504 535 536 537 551 552 553 554 555
 556 557 558 559 560 561 562 563 564 565 566 567 568 569 570 571 572 573
 574 575 576 577 578 586 587 588 589 590 591 592 593 594 595 596 597 598
 599 600 601 602 603 604 605 606 607 638 639 640 641 642 643 644 645 646
 647 648 649 650 651 652 653 654 655 656 657 658 659 660 661 662 663 664
 665 666 667 668 669 670 671 672 673 674 675 676 677 678 679 680 681 682
 683 684 685 686 687 688 689 690 691 692 693 694 695 696 697 698 699 700
 701 702 703 704 706 707 708 709 710 711 712 713 714 715 716 717 718 719
 720 721 726 727 728 729 730 731 732 733 734 735 736 737 738 739 740 741
 742 743 744 745 746 747 748 749 750 751 752 753 754 755 761 762 763 767
 768 775 779 790 791 792 793 794 795 796 797 798 799 800 801 802 803 804
 805 806 807 808 809 810 811 812 813 814 815 816 817 818 819 820 821 822
 823 824 825 826 827 828 829 830 831 839 840 841 842 843 844 845 846 847
 848 849 850 851 852 853 854 855 856 857 858 861 862 863 867 868 869 870
 871 872 873 874 878 879 880 881 884 885 886 887 888 891 892 893 894 895
 896 904 905 935 939 940 941 942 943 944 945 946 947 948 949 950 951 952
 953 954 955 956 957 958 959 960 961 962 963 964 965 966 967 968 969 970
 971 972 981 982 984 985 986 987 988 989 990 991 992 993 994 995 996 997
 998 999] 1
rate_block [  7   8  13  15  16  19  20  24  26  42  53  55  56  59 163 272 273 274
 343 349 350 355 358 359 360 361 362 363 364 365 366 367 368 369 370 371
 372 373 374 375 376 377 378 379 380 381 382 383 384 385 386 387 388 389
 390 391 392 393 394 395 396 397 398 399 422 425 431 437 447 451 454 455
 456 457 458 459 461 462 463 464 465 466 471 481 482 483 484 485 486 487
 488 489 490 491 495 497 498 538 539 540 541 542 543 544 545 546 547 548
 549 550 608 705 722 723 724 725 780 781 782 783 784 785 786 787 788 789
 832 833 834 835 836 837 838 859 860 864 865 866 875 876 877 882 883 889
 890 903 906 907 934 936 937 938 973 974 975 976 977 978 979 980 983] 2
rate_block [400 401 402 403 404 405 406 407 408 409 410 411 412 413 414 415 416 417
 418 419 505 506 507 508 509 510 511 512 513 514 515 516 517 518 519 520
 521 522 523 524 525 526 527 528 529 530 531 532 533 534 609 610 611 612
 613 614 615 616 617 618 619 620 621 622 623 624 625 626 627 628 629 630
 631 632 633 634 635 636 908 909 910 911 912 913 914 915 916 917 918 919
 920 921 922 923 924 925 926 927 928 929 930 931 932 933] 3
Running RevBayes on /home/felix/Documents/Seminar/phyloRNN/phyloRNN/ali_tmp/ali0_G
   Successfully read one character matrix from file '/home/felix/Documents/Seminar/phyloRNN/phyloRNN/ali_tmp/ali0.nex'
   
   Running MCMC simulation
   This simulation runs 1 independent replicate.
   The simulator uses 105 different moves in a random move schedule with 138.5 moves per iteration
   

Iter        |      Posterior   |     Likelihood   |          Prior   |             TL   |    elapsed   |        ETA   |
-----------------------------------------------------------------------------------------------------------------------
0           |       -28175.6   |       -28179.2   |        3.55282   |       6.139408   |   00:00:00   |   --:--:--   |
100         |       -11642.3   |       -11692.1   |        49.8101   |       3.248331   |   00:00:07   |   --:--:--   |
200         |       -11643.8   |       -11697.3   |        53.4791   |       3.019013   |   00:00:14   |   00:11:26   |
300         |       -11633.9   |       -11679.8   |        45.9087   |       3.492163   |   00:00:21   |   00:11:19   |
400         |       -11631.7   |       -11680.4   |        48.6671   |       3.319763   |   00:00:27   |   00:10:48   |
500         |       -11631.2   |       -11684.1   |        52.9447   |       3.052415   |   00:00:34   |   00:10:46   |
600         |       -11623.9   |       -11674.3   |         50.391   |       3.212021   |   00:00:41   |   00:10:42   |
700         |       -11635.6   |       -11683.7   |        48.1061   |        3.35483   |   00:00:47   |   00:10:24   |
800         |       -11646.3   |       -11696.8   |        50.4776   |       3.206611   |   00:00:53   |   00:10:09   |
900         |       -11644.1   |       -11694.6   |        50.5386   |       3.202799   |   00:01:00   |   00:10:06   |
1000        |       -11634.7   |       -11687.4   |        52.7253   |       3.066128   |   00:01:08   |   00:10:12   |
1100        |       -11645.7   |       -11697.3   |        51.5819   |       3.137589   |   00:01:15   |   00:10:06   |
1200        |       -11632.5   |       -11683.4   |        50.8773   |       3.181628   |   00:01:22   |   00:10:01   |
1300        |       -11634.8   |         -11682   |        47.1806   |       3.412672   |   00:01:29   |   00:09:55   |
1400        |       -11649.3   |       -11703.2   |        53.8458   |         2.9961   |   00:01:36   |   00:09:49   |
1500        |       -11636.4   |       -11690.6   |        54.2105   |       2.973303   |   00:01:43   |   00:09:43   |
1600        |         -11648   |       -11700.7   |        52.7207   |       3.066414   |   00:01:49   |   00:09:32   |
1700        |       -11630.2   |       -11682.1   |        51.9302   |       3.115822   |   00:01:56   |   00:09:26   |
1800        |       -11637.4   |       -11688.2   |        50.8058   |       3.186095   |   00:02:03   |   00:09:20   |
1900        |       -11639.4   |       -11691.2   |        51.8152   |        3.12301   |   00:02:10   |   00:09:14   |


Iter        |      Posterior   |     Likelihood   |          Prior   |             TL   |    elapsed   |        ETA   |
-----------------------------------------------------------------------------------------------------------------------
2000        |       -11645.4   |       -11693.8   |         48.443   |       3.333774   |   00:02:16   |   00:09:04   |
2100        |       -11645.8   |         -11699   |         53.169   |       3.038399   |   00:02:23   |   00:08:57   |
2200        |       -11635.4   |       -11685.6   |        50.1279   |       3.228467   |   00:02:29   |   00:08:48   |
2300        |       -11637.2   |       -11686.3   |        49.0808   |       3.293912   |   00:02:36   |   00:08:42   |
2400        |       -11626.3   |       -11678.5   |        52.2535   |       3.095614   |   00:02:42   |   00:08:33   |
2500        |       -11635.8   |       -11687.4   |        51.5893   |       3.137125   |   00:02:49   |   00:08:27   |
2600        |       -11642.4   |       -11691.5   |        49.1423   |       3.290069   |   00:02:56   |   00:08:20   |
2700        |       -11648.8   |         -11697   |        48.1944   |       3.349309   |   00:03:02   |   00:08:12   |
2800        |       -11644.3   |       -11696.9   |        52.5934   |       3.074373   |   00:03:09   |   00:08:05   |
2900        |         -11628   |       -11680.2   |        52.2015   |       3.098864   |   00:03:15   |   00:07:57   |
3000        |       -11631.9   |       -11683.9   |        52.0362   |       3.109195   |   00:03:22   |   00:07:51   |
3100        |       -11633.1   |       -11686.7   |        53.5228   |       3.016286   |   00:03:29   |   00:07:45   |
3200        |       -11634.3   |       -11688.7   |        54.4049   |       2.961151   |   00:03:36   |   00:07:39   |
3300        |       -11631.8   |       -11683.3   |        51.5677   |       3.138478   |   00:03:44   |   00:07:34   |
3400        |       -11635.2   |         -11685   |        49.8367   |       3.246665   |   00:03:51   |   00:07:28   |
3500        |       -11642.2   |       -11696.3   |        54.1008   |        2.98016   |   00:03:58   |   00:07:22   |
3600        |         -11633   |       -11685.7   |        52.6966   |       3.067922   |   00:04:05   |   00:07:15   |
3700        |       -11650.8   |       -11700.5   |        49.7735   |       3.250613   |   00:04:11   |   00:07:07   |
3800        |       -11640.2   |       -11691.4   |        51.2082   |       3.160947   |   00:04:18   |   00:07:00   |
3900        |       -11640.4   |       -11688.9   |        48.5073   |       3.329751   |   00:04:24   |   00:06:52   |


Iter        |      Posterior   |     Likelihood   |          Prior   |             TL   |    elapsed   |        ETA   |
-----------------------------------------------------------------------------------------------------------------------
4000        |       -11625.3   |       -11677.8   |        52.4831   |       3.081264   |   00:04:31   |   00:06:46   |
4100        |       -11632.4   |       -11682.8   |        50.4921   |       3.205704   |   00:04:37   |   00:06:38   |
4200        |       -11637.1   |       -11685.5   |        48.3978   |         3.3366   |   00:04:44   |   00:06:32   |
4300        |       -11642.1   |       -11691.4   |        49.3336   |       3.278112   |   00:04:51   |   00:06:25   |
4400        |       -11652.9   |       -11701.4   |        48.5134   |       3.329373   |   00:04:57   |   00:06:18   |
4500        |       -11633.6   |       -11685.2   |         51.673   |       3.131896   |   00:05:04   |   00:06:11   |
4600        |       -11632.8   |         -11686   |        53.1625   |       3.038802   |   00:05:10   |   00:06:03   |
4700        |       -11632.4   |       -11683.9   |        51.4589   |       3.145279   |   00:05:17   |   00:05:57   |
4800        |       -11640.6   |       -11689.8   |         49.264   |       3.282462   |   00:05:24   |   00:05:51   |
4900        |       -11632.2   |       -11686.3   |        54.1045   |        2.97993   |   00:05:31   |   00:05:44   |
5000        |       -11637.9   |         -11688   |        50.0249   |         3.2349   |   00:05:37   |   00:05:37   |
5100        |         -11636   |       -11684.8   |        48.7916   |       3.311985   |   00:05:44   |   00:05:30   |
5200        |         -11631   |       -11682.8   |        51.8249   |       3.122404   |   00:05:50   |   00:05:23   |
5300        |       -11641.6   |       -11692.7   |          51.05   |       3.170832   |   00:05:57   |   00:05:16   |
5400        |       -11646.5   |       -11696.7   |        50.1827   |       3.225041   |   00:06:03   |   00:05:09   |
5500        |       -11636.5   |       -11686.3   |        49.8101   |       3.248328   |   00:06:09   |   00:05:01   |
5600        |       -11640.7   |       -11690.5   |        49.8254   |       3.247371   |   00:06:16   |   00:04:55   |
5700        |       -11656.9   |       -11707.1   |        50.2091   |       3.223392   |   00:06:22   |   00:04:48   |
5800        |       -11638.8   |       -11686.1   |        47.2251   |       3.409891   |   00:06:29   |   00:04:41   |
5900        |       -11654.6   |       -11702.1   |        47.4872   |       3.393509   |   00:06:35   |   00:04:34   |


Iter        |      Posterior   |     Likelihood   |          Prior   |             TL   |    elapsed   |        ETA   |
-----------------------------------------------------------------------------------------------------------------------
6000        |       -11631.3   |       -11681.2   |        49.8954   |       3.242998   |   00:06:41   |   00:04:27   |
6100        |       -11638.2   |       -11689.5   |        51.3078   |       3.154721   |   00:06:48   |   00:04:20   |
6200        |       -11630.9   |       -11681.5   |        50.5989   |       3.199028   |   00:06:54   |   00:04:13   |
6300        |       -11648.4   |       -11699.7   |        51.3435   |       3.152494   |   00:07:00   |   00:04:06   |
6400        |       -11626.6   |       -11679.5   |        52.8682   |         3.0572   |   00:07:07   |   00:04:00   |
6500        |       -11631.5   |       -11684.4   |        52.9467   |       3.052293   |   00:07:13   |   00:03:53   |
6600        |       -11642.2   |         -11694   |         51.823   |       3.122524   |   00:07:19   |   00:03:46   |
6700        |       -11640.2   |         -11692   |        51.7708   |       3.125785   |   00:07:26   |   00:03:39   |
6800        |         -11625   |       -11674.9   |        49.8444   |       3.246186   |   00:07:32   |   00:03:32   |
6900        |       -11633.1   |       -11686.7   |         53.534   |       3.015583   |   00:07:38   |   00:03:25   |
7000        |       -11642.5   |       -11691.8   |        49.2291   |       3.284639   |   00:07:45   |   00:03:19   |
7100        |       -11650.9   |       -11701.2   |        50.2114   |       3.223248   |   00:07:51   |   00:03:12   |
7200        |       -11638.1   |       -11690.2   |        52.1652   |       3.101136   |   00:07:57   |   00:03:05   |
7300        |       -11644.7   |       -11695.2   |        50.4394   |       3.208994   |   00:08:04   |   00:02:59   |
7400        |       -11633.8   |       -11683.9   |        50.0947   |       3.230543   |   00:08:10   |   00:02:52   |
7500        |       -11642.3   |       -11692.6   |        50.3516   |       3.214487   |   00:08:16   |   00:02:45   |
7600        |       -11641.4   |       -11690.6   |        49.2827   |       3.281292   |   00:08:23   |   00:02:38   |
7700        |       -11638.3   |       -11688.5   |        50.1711   |       3.225767   |   00:08:29   |   00:02:32   |
7800        |       -11641.3   |       -11689.5   |        48.2065   |       3.348551   |   00:08:35   |   00:02:25   |
7900        |       -11641.9   |       -11691.5   |        49.6841   |       3.256206   |   00:08:42   |   00:02:18   |


Iter        |      Posterior   |     Likelihood   |          Prior   |             TL   |    elapsed   |        ETA   |
-----------------------------------------------------------------------------------------------------------------------
8000        |       -11639.9   |       -11692.2   |        52.3052   |       3.092385   |   00:08:48   |   00:02:12   |
8100        |       -11635.4   |       -11687.4   |          51.94   |        3.11521   |   00:08:55   |   00:02:05   |
8200        |       -11647.8   |       -11694.8   |        46.9684   |       3.425937   |   00:09:01   |   00:01:58   |
8300        |       -11649.3   |       -11694.7   |        45.3314   |       3.528247   |   00:09:07   |   00:01:52   |
8400        |       -11634.7   |       -11682.7   |        47.9595   |       3.363991   |   00:09:13   |   00:01:45   |
8500        |       -11646.2   |       -11695.2   |        48.9176   |       3.304111   |   00:09:20   |   00:01:38   |
8600        |       -11646.2   |       -11694.8   |        48.6216   |       3.322611   |   00:09:26   |   00:01:32   |
8700        |       -11650.7   |       -11699.1   |        48.4258   |       3.334848   |   00:09:33   |   00:01:25   |
8800        |       -11636.4   |       -11685.6   |        49.1382   |       3.290321   |   00:09:39   |   00:01:18   |
8900        |       -11628.5   |       -11675.8   |        47.2499   |       3.408339   |   00:09:45   |   00:01:12   |
9000        |       -11635.6   |       -11684.4   |        48.8311   |       3.309515   |   00:09:51   |   00:01:05   |
9100        |       -11655.4   |       -11701.6   |        46.2145   |       3.473056   |   00:09:58   |   00:00:59   |
9200        |         -11635   |       -11684.2   |        49.1705   |       3.288304   |   00:10:04   |   00:00:52   |
9300        |       -11627.3   |       -11678.8   |        51.4965   |       3.142929   |   00:10:10   |   00:00:45   |
9400        |       -11633.1   |       -11686.8   |        53.6539   |        3.00809   |   00:10:17   |   00:00:39   |
9500        |       -11651.4   |       -11704.2   |        52.8301   |       3.059581   |   00:10:23   |   00:00:32   |
9600        |       -11654.9   |         -11706   |        51.0755   |       3.169239   |   00:10:29   |   00:00:26   |
9700        |       -11629.6   |       -11677.5   |        47.9124   |       3.366937   |   00:10:36   |   00:00:19   |
9800        |       -11634.7   |       -11685.5   |        50.8431   |       3.183768   |   00:10:42   |   00:00:13   |
9900        |       -11636.4   |       -11687.2   |        50.8102   |       3.185825   |   00:10:48   |   00:00:06   |


Iter        |      Posterior   |     Likelihood   |          Prior   |             TL   |    elapsed   |        ETA   |
-----------------------------------------------------------------------------------------------------------------------
10000       |       -11635.9   |       -11685.9   |        50.0016   |       3.236358   |   00:10:55   |   00:00:00   |
   Processing file "/home/felix/Documents/Seminar/phyloRNN/phyloRNN/ali_tmp/ali0_G.trees"

Progress:
0---------------25---------------50---------------75--------------100
********************************************************************

   Compiling maximum a posteriori tree from 751 trees.
   
   Summarizing clades ...
   

Progress:
0---------------25---------------50---------------75--------------100
********************************************************************

   Annotating tree ...
   Compiling maximum clade credibility tree from 751 trees.
   
   Summarizing clades ...
   

Progress:
0---------------25---------------50---------------75--------------100
********************************************************************

   Annotating tree ...
   Compiling majority rule consensus tree (cutoff = 0) from 751 trees.
   
   Summarizing clades ...
   

Progress:
0---------------25---------------50---------------75--------------100
********************************************************************

   Annotating tree ...
Running RevBayes on /home/felix/Documents/Seminar/phyloRNN/phyloRNN/ali_tmp/ali0_DL
   Successfully read one character matrix from file '/home/felix/Documents/Seminar/phyloRNN/phyloRNN/ali_tmp/ali0.nex'
Running RevBayes on /home/felix/Documents/Seminar/phyloRNN/phyloRNN/ali_tmp/ali0_DL5d
   Successfully read one character matrix from file '/home/felix/Documents/Seminar/phyloRNN/phyloRNN/ali_tmp/ali0.nex'
   
   Running MCMC simulation
   This simulation runs 1 independent replicate.
   The simulator uses 103 different moves in a random move schedule with 134.5 moves per iteration
   

Iter        |      Posterior   |     Likelihood   |          Prior   |             TL   |    elapsed   |        ETA   |
-----------------------------------------------------------------------------------------------------------------------
0           |       -24293.2   |         -24295   |        1.76889   |       6.394815   |   00:00:00   |   --:--:--   |
100         |       -11150.5   |       -11217.2   |        66.7111   |       2.335926   |   00:00:02   |   --:--:--   |
200         |         -11126   |       -11193.1   |        67.0415   |       2.315277   |   00:00:04   |   00:03:16   |
300         |       -11124.1   |       -11191.5   |        67.4001   |       2.292867   |   00:00:06   |   00:03:14   |
400         |         -11118   |       -11186.1   |        68.0413   |       2.252792   |   00:00:09   |   00:03:36   |
500         |       -11111.2   |       -11180.9   |        69.7255   |       2.147525   |   00:00:11   |   00:03:29   |
600         |       -11119.9   |       -11188.4   |        68.4836   |       2.225147   |   00:00:13   |   00:03:23   |
700         |       -11114.9   |       -11183.1   |        68.1772   |       2.244294   |   00:00:15   |   00:03:19   |
800         |       -11122.5   |       -11190.3   |        67.7993   |       2.267915   |   00:00:17   |   00:03:15   |
900         |       -11123.6   |       -11192.1   |        68.5306   |       2.222212   |   00:00:19   |   00:03:12   |
1000        |       -11115.8   |       -11184.6   |        68.7069   |        2.21119   |   00:00:21   |   00:03:09   |
1100        |       -11108.3   |       -11175.9   |        67.6331   |       2.278304   |   00:00:24   |   00:03:14   |
1200        |       -11124.4   |       -11192.7   |        68.2521   |       2.239614   |   00:00:26   |   00:03:10   |
1300        |       -11113.7   |       -11180.7   |        67.0014   |       2.317784   |   00:00:28   |   00:03:07   |
1400        |         -11142   |       -11209.4   |        67.4067   |       2.292452   |   00:00:30   |   00:03:04   |
1500        |       -11126.1   |       -11195.5   |        69.4397   |       2.165388   |   00:00:32   |   00:03:01   |
1600        |       -11120.7   |       -11187.8   |         67.081   |       2.312808   |   00:00:34   |   00:02:58   |
1700        |       -11117.5   |       -11185.5   |        68.0074   |        2.25491   |   00:00:36   |   00:02:55   |
1800        |       -11114.4   |       -11183.4   |        68.9713   |       2.194664   |   00:00:39   |   00:02:57   |
1900        |       -11109.4   |         -11180   |        70.6291   |        2.09105   |   00:00:41   |   00:02:54   |


Iter        |      Posterior   |     Likelihood   |          Prior   |             TL   |    elapsed   |        ETA   |
-----------------------------------------------------------------------------------------------------------------------
2000        |       -11124.6   |       -11192.7   |        68.0997   |        2.24914   |   00:00:43   |   00:02:52   |
2100        |       -11105.4   |       -11173.6   |        68.1493   |       2.246038   |   00:00:45   |   00:02:49   |
2200        |       -11119.6   |       -11187.9   |        68.2935   |       2.237025   |   00:00:47   |   00:02:46   |
2300        |       -11127.1   |       -11195.8   |        68.6168   |       2.216822   |   00:00:50   |   00:02:47   |
2400        |       -11117.9   |       -11186.3   |        68.3551   |       2.233175   |   00:00:52   |   00:02:44   |
2500        |         -11105   |       -11174.3   |        69.2842   |        2.17511   |   00:00:54   |   00:02:42   |
2600        |       -11114.8   |         -11183   |           68.2   |        2.24287   |   00:00:56   |   00:02:39   |
2700        |       -11118.4   |       -11186.5   |        68.1117   |       2.248387   |   00:00:58   |   00:02:36   |
2800        |       -11117.7   |         -11188   |        70.3333   |       2.109537   |   00:01:00   |   00:02:34   |
2900        |       -11132.8   |       -11201.9   |        69.1639   |       2.182629   |   00:01:03   |   00:02:34   |
3000        |       -11110.9   |       -11178.3   |        67.4344   |       2.290722   |   00:01:05   |   00:02:31   |
3100        |       -11115.2   |       -11185.1   |        69.9211   |       2.135301   |   00:01:07   |   00:02:29   |
3200        |         -11117   |       -11187.4   |        70.4341   |       2.103243   |   00:01:10   |   00:02:28   |
3300        |       -11121.9   |       -11190.5   |        68.6317   |       2.215888   |   00:01:12   |   00:02:26   |
3400        |       -11117.5   |       -11184.9   |         67.442   |       2.290249   |   00:01:14   |   00:02:23   |
3500        |       -11116.9   |       -11185.1   |         68.149   |       2.246057   |   00:01:17   |   00:02:23   |
3600        |       -11107.8   |       -11176.3   |        68.4497   |       2.227265   |   00:01:19   |   00:02:20   |
3700        |       -11113.8   |       -11183.5   |        69.7146   |       2.148207   |   00:01:21   |   00:02:17   |
3800        |       -11111.8   |       -11178.6   |        66.8009   |       2.330315   |   00:01:23   |   00:02:15   |
3900        |       -11124.8   |       -11193.3   |        68.5392   |       2.221673   |   00:01:26   |   00:02:14   |


Iter        |      Posterior   |     Likelihood   |          Prior   |             TL   |    elapsed   |        ETA   |
-----------------------------------------------------------------------------------------------------------------------
4000        |       -11126.4   |       -11194.4   |        67.9774   |       2.256787   |   00:01:28   |   00:02:12   |
4100        |       -11117.7   |       -11186.3   |        68.6335   |       2.215778   |   00:01:30   |   00:02:09   |
4200        |       -11135.2   |       -11203.2   |        68.0701   |       2.250992   |   00:01:33   |   00:02:08   |
4300        |       -11129.5   |       -11196.1   |        66.6801   |       2.337863   |   00:01:35   |   00:02:05   |
4400        |       -11122.2   |       -11190.9   |        68.7163   |       2.210603   |   00:01:37   |   00:02:03   |
4500        |       -11121.7   |       -11190.4   |        68.6491   |       2.214801   |   00:01:40   |   00:02:02   |
4600        |         -11123   |       -11191.1   |         68.082   |       2.250249   |   00:01:42   |   00:01:59   |
4700        |         -11118   |       -11185.9   |        67.9641   |       2.257613   |   00:01:44   |   00:01:57   |
4800        |       -11114.3   |       -11182.6   |        68.2923   |       2.237104   |   00:01:47   |   00:01:55   |
4900        |       -11107.3   |       -11175.9   |         68.584   |       2.218869   |   00:01:49   |   00:01:53   |
5000        |       -11118.6   |       -11187.1   |        68.4914   |       2.224661   |   00:01:51   |   00:01:51   |
5100        |       -11112.6   |       -11179.6   |        66.9394   |       2.321656   |   00:01:54   |   00:01:49   |
5200        |       -11126.2   |         -11193   |        66.8282   |       2.328607   |   00:01:56   |   00:01:47   |
5300        |       -11110.2   |       -11178.8   |        68.6231   |       2.216427   |   00:01:58   |   00:01:44   |
5400        |       -11118.8   |       -11187.1   |        68.3223   |       2.235229   |   00:02:01   |   00:01:43   |
5500        |       -11116.2   |       -11185.2   |        69.0266   |       2.191207   |   00:02:03   |   00:01:40   |
5600        |       -11111.2   |       -11178.1   |        66.8778   |       2.325509   |   00:02:05   |   00:01:38   |
5700        |       -11121.7   |       -11188.8   |        67.0446   |       2.315084   |   00:02:08   |   00:01:36   |
5800        |       -11110.2   |       -11178.7   |        68.5473   |       2.221166   |   00:02:10   |   00:01:34   |
5900        |       -11128.9   |       -11197.5   |        68.5534   |       2.220784   |   00:02:12   |   00:01:31   |


Iter        |      Posterior   |     Likelihood   |          Prior   |             TL   |    elapsed   |        ETA   |
-----------------------------------------------------------------------------------------------------------------------
6000        |       -11118.1   |       -11185.2   |        67.0304   |       2.315974   |   00:02:15   |   00:01:30   |
6100        |       -11111.4   |       -11179.8   |          68.41   |       2.229747   |   00:02:17   |   00:01:27   |
6200        |       -11110.6   |       -11179.8   |        69.1881   |       2.181115   |   00:02:19   |   00:01:25   |
6300        |       -11118.8   |       -11186.6   |        67.8248   |       2.266318   |   00:02:21   |   00:01:22   |
6400        |       -11120.1   |       -11190.9   |        70.7516   |       2.083399   |   00:02:24   |   00:01:21   |
6500        |         -11109   |       -11176.7   |        67.7032   |       2.273918   |   00:02:26   |   00:01:18   |
6600        |       -11110.7   |       -11178.6   |        67.9152   |       2.260669   |   00:02:28   |   00:01:16   |
6700        |       -11128.5   |       -11195.8   |        67.3317   |       2.297141   |   00:02:30   |   00:01:13   |
6800        |       -11122.4   |       -11189.7   |         67.311   |       2.298434   |   00:02:33   |   00:01:11   |
6900        |       -11122.3   |       -11191.3   |        68.9505   |       2.195963   |   00:02:35   |   00:01:09   |
7000        |       -11113.4   |       -11181.3   |        67.8475   |       2.264904   |   00:02:37   |   00:01:07   |
7100        |       -11122.3   |       -11191.7   |        69.4332   |       2.165798   |   00:02:40   |   00:01:05   |
7200        |       -11108.6   |       -11177.3   |        68.7037   |       2.211389   |   00:02:42   |   00:01:03   |
7300        |         -11122   |       -11190.1   |        68.1499   |       2.246005   |   00:02:44   |   00:01:00   |
7400        |       -11119.8   |       -11188.8   |        69.0112   |       2.192172   |   00:02:46   |   00:00:58   |
7500        |       -11137.7   |       -11204.7   |        66.9889   |       2.318563   |   00:02:48   |   00:00:56   |
7600        |       -11116.6   |       -11184.3   |        67.6542   |       2.276986   |   00:02:50   |   00:00:53   |
7700        |       -11113.1   |       -11180.1   |        66.9849   |       2.318814   |   00:02:53   |   00:00:51   |
7800        |       -11110.2   |       -11179.1   |        68.9099   |       2.198501   |   00:02:55   |   00:00:49   |
7900        |         -11126   |       -11195.3   |        69.2466   |        2.17746   |   00:02:57   |   00:00:47   |


Iter        |      Posterior   |     Likelihood   |          Prior   |             TL   |    elapsed   |        ETA   |
-----------------------------------------------------------------------------------------------------------------------
8000        |       -11111.6   |       -11179.8   |        68.2029   |       2.242693   |   00:03:00   |   00:00:45   |
8100        |       -11113.2   |       -11181.7   |        68.5186   |       2.222957   |   00:03:02   |   00:00:42   |
8200        |       -11119.5   |       -11189.1   |        69.6592   |       2.151671   |   00:03:04   |   00:00:40   |
8300        |       -11107.2   |       -11175.4   |        68.1569   |       2.245562   |   00:03:06   |   00:00:38   |
8400        |       -11114.5   |       -11182.9   |        68.3554   |       2.233162   |   00:03:09   |   00:00:36   |
8500        |       -11121.9   |         -11189   |        67.0086   |       2.317335   |   00:03:11   |   00:00:33   |
8600        |         -11128   |       -11197.3   |        69.3537   |       2.170762   |   00:03:13   |   00:00:31   |
8700        |       -11106.9   |       -11176.1   |         69.202   |       2.180248   |   00:03:16   |   00:00:29   |
8800        |       -11129.1   |       -11197.4   |        68.3274   |       2.234909   |   00:03:18   |   00:00:27   |
8900        |       -11121.2   |       -11188.9   |        67.7139   |       2.273253   |   00:03:20   |   00:00:24   |
9000        |         -11135   |       -11202.2   |        67.1965   |       2.305587   |   00:03:22   |   00:00:22   |
9100        |       -11126.3   |       -11194.1   |        67.7786   |       2.269208   |   00:03:25   |   00:00:20   |
9200        |         -11127   |       -11195.8   |        68.8496   |       2.202271   |   00:03:27   |   00:00:18   |
9300        |         -11125   |       -11192.7   |        67.7268   |       2.272448   |   00:03:29   |   00:00:15   |
9400        |       -11110.5   |       -11177.9   |        67.3648   |        2.29507   |   00:03:31   |   00:00:13   |
9500        |       -11116.5   |       -11185.8   |         69.334   |       2.171999   |   00:03:34   |   00:00:11   |
9600        |       -11113.6   |       -11179.7   |        66.0691   |       2.376055   |   00:03:36   |   00:00:09   |
9700        |       -11125.4   |       -11193.6   |        68.2621   |       2.238992   |   00:03:38   |   00:00:06   |
9800        |       -11118.6   |       -11187.4   |        68.7862   |       2.206231   |   00:03:40   |   00:00:04   |
9900        |       -11119.1   |       -11185.9   |        66.8108   |       2.329698   |   00:03:42   |   00:00:02   |


Iter        |      Posterior   |     Likelihood   |          Prior   |             TL   |    elapsed   |        ETA   |
-----------------------------------------------------------------------------------------------------------------------
10000       |       -11100.9   |       -11171.2   |        70.3339   |       2.109503   |   00:03:45   |   00:00:00   |
   Processing file "/home/felix/Documents/Seminar/phyloRNN/phyloRNN/ali_tmp/ali0_DL5d.trees"

Progress:
0---------------25---------------50---------------75--------------100
********************************************************************

   Compiling maximum a posteriori tree from 751 trees.
   
   Summarizing clades ...
   

Progress:
0---------------25---------------50---------------75--------------100
********************************************************************

   Annotating tree ...
   Compiling maximum clade credibility tree from 751 trees.
   
   Summarizing clades ...
   

Progress:
0---------------25---------------50---------------75--------------100
********************************************************************

   Annotating tree ...
   Compiling majority rule consensus tree (cutoff = 0) from 751 trees.
   
   Summarizing clades ...
   

Progress:
0---------------25---------------50---------------75--------------100
********************************************************************

   Annotating tree ...
Running RevBayes on /home/felix/Documents/Seminar/phyloRNN/phyloRNN/ali_tmp/ali0_SH_DL
   Successfully read one character matrix from file '/home/felix/Documents/Seminar/phyloRNN/phyloRNN/ali_tmp/ali0.nex'
Running RevBayes on /home/felix/Documents/Seminar/phyloRNN/phyloRNN/ali_tmp/ali0_NSH_DL
   Successfully read one character matrix from file '/home/felix/Documents/Seminar/phyloRNN/phyloRNN/ali_tmp/ali0.nex'
Ranking true tree likelihood against /home/felix/Documents/Seminar/phyloRNN/phyloRNN/ali_tmp/ali0_DL.log
Likelihood of true tree:  -11175.67304702137
Sorted likelihoods (decreasing):
[  -461.9237       -462.8736       -463.1429     ...   -581.2564
  -1023.556      -11175.67304702]
Index of input likelihood in sorted array: 1001
Ranking true tree likelihood against /home/felix/Documents/Seminar/phyloRNN/phyloRNN/ali_tmp/ali0_DL5d.log
Likelihood of true tree:  -11196.292601930398
Sorted likelihoods (decreasing):
[-11164.19 -11164.61 -11167.09 ... -16067.38 -18876.01 -24295.01]
Index of input likelihood in sorted array: 898
Ranking true tree likelihood against /home/felix/Documents/Seminar/phyloRNN/phyloRNN/ali_tmp/ali0_SH_DL.log
Likelihood of true tree:  -11952.566941628515
Sorted likelihoods (decreasing):
[  -429.4273       -431.211        -431.9767     ...   -570.6733
   -799.9493     -11952.56694163]
Index of input likelihood in sorted array: 1001
Ranking true tree likelihood against /home/felix/Documents/Seminar/phyloRNN/phyloRNN/ali_tmp/ali0_NSH_DL.log
Likelihood of true tree:  -10878.283911729677
Sorted likelihoods (decreasing):
[  -432.5059       -433.5481       -434.2478     ...   -547.4463
   -958.5246     -10878.28391173]
Index of input likelihood in sorted array: 1001